100 23286
44 1 25 7 26 28 37 39 66 75 51 45 81 86 100 11 69 77 45 58 56 58 28 74 19 99 63 68 93 9 35 96 17 96 54 18 79 32 33 93 92 100 7 91 1 42 56 74 29 12 83 79 56 1 36 66 44 80 95 79 60 40 24 68 28 19 25 29 66 20 78 10 80 89 72 72 3 25 74 72 70 74 51 83 81 4 70 97 30 29 85 38 100 99 22 76 67 21 97 50
56 74
97 90
59 67
34 7
31 1
53 47
85 88
58 5
46 27
82 95
8 2
33 15
15 76
7 44
13 46
38 19
1 33
28 18
99 98
54 65
14 11
95 10
52 55
21 26
36 14
19 35
90 48
61 40
84 83
3 96
100 80
9 84
65 3
29 86
27 41
49 43
17 69
43 16
96 4
2 68
80 51
51 8
83 89
22 75
39 17
12 73
88 59
32 21
74 53
63 99
70 42
47 54
30 34
79 62
55 57
4 77
64 71
40 66
6 29
37 38
67 81
26 52
11 28
42 63
87 25
60 87
93 56
45 94
66 58
89 45
24 12
16 79
76 36
86 9
23 60
91 39
10 49
73 97
81 20
48 31
71 32
18 23
68 64
72 50
5 70
62 13
35 85
69 93
20 22
92 30
57 82
75 78
25 72
50 61
78 92
98 100
94 91
44 6
77 24
