100 7158
100 47 47 46 49 45 53 75 84 31 12 55 40 75 78 97 15 58 4 14 78 48 53 17 99 78 98 47 14 83 64 4 81 91 50 85 4 91 22 4 78 19 53 98 14 18 16 60 74 98 31 94 36 1 2 79 23 25 83 64 38 5 38 37 62 46 5 30 32 71 92 99 76 13 42 12 20 76 66 30 13 48 27 44 9 32 24 51 100 91 65 31 47 90 32 67 24 79 72 73
32 29
59 28
38 58
77 70
56 92
22 56
75 1
15 12
34 75
31 30
1 13
91 80
80 38
69 43
73 85
93 77
61 27
66 32
11 63
4 17
57 37
24 47
43 99
37 15
58 25
60 98
12 19
87 21
82 96
44 24
28 53
6 83
52 55
40 3
42 61
72 87
71 81
85 50
47 23
9 71
8 44
90 84
78 68
30 64
17 48
7 69
33 39
41 18
89 67
88 4
79 73
27 5
18 54
21 86
84 76
81 14
96 97
76 36
10 42
13 9
62 45
63 65
50 66
54 88
98 52
20 8
46 11
5 22
45 91
53 72
36 100
83 90
35 95
3 33
99 16
92 34
65 2
39 35
70 31
23 93
29 49
55 20
64 57
94 7
95 59
2 51
100 10
86 78
49 89
97 94
51 62
26 74
16 26
67 40
19 6
14 82
68 60
48 46
74 41
