100 56438
60 93 73 92 81 66 69 16 5 91 56 65 6 48 61 71 61 40 56 65 93 39 69 60 91 61 49 35 44 56 90 17 49 79 46 67 41 53 12 11 67 26 94 2 30 10 76 34 3 84 88 97 7 1 68 88 2 78 79 61 33 66 56 10 97 57 77 39 98 18 6 84 64 38 8 56 33 22 58 75 65 13 3 9 41 56 81 1 81 57 60 20 82 80 33 51 72 45 56 100
23 41
61 27
90 13
4 8
71 18
31 44
20 85
50 16
2 11
36 52
24 82
29 87
14 21
60 25
35 62
8 81
79 76
63 17
57 64
62 59
17 84
78 28
26 89
99 40
16 45
96 95
72 69
11 58
67 42
86 6
43 74
75 10
33 32
7 24
21 53
68 72
12 29
54 70
5 3
1 19
93 20
80 5
28 96
89 30
56 51
95 23
13 47
3 91
30 22
22 39
19 68
59 4
37 78
15 12
38 99
55 71
47 50
42 31
65 33
52 15
41 93
85 60
48 9
74 77
100 98
34 100
27 92
51 54
6 80
69 14
98 37
66 56
10 86
77 46
73 48
92 75
53 57
32 90
87 1
97 66
25 49
40 73
88 63
49 65
39 7
81 34
18 2
9 67
84 43
46 38
94 35
70 55
45 36
44 26
82 79
58 61
64 83
91 94
83 88
