100 66227
80 65 76 61 18 60 67 33 84 25 35 59 76 88 73 39 42 51 56 89 68 40 11 75 88 45 81 27 65 58 99 42 91 62 61 38 83 54 33 16 44 53 75 95 85 98 27 12 68 46 39 84 32 43 62 1 68 26 34 37 86 17 23 53 97 26 17 44 83 70 90 37 63 31 6 84 73 35 65 74 29 98 97 44 48 75 1 37 87 60 51 81 1 74 75 74 30 54 21 79
86 73
86 20
86 40
86 60
86 33
86 49
86 29
86 1
86 70
86 36
86 84
86 16
86 17
86 75
86 47
86 92
86 59
86 62
86 79
86 81
86 90
86 27
86 23
86 2
86 9
86 48
86 19
86 69
86 24
86 10
86 83
86 97
86 76
86 15
86 3
86 13
86 64
86 55
86 78
86 43
86 87
86 71
86 31
86 68
86 51
86 77
86 8
86 35
86 91
86 52
86 34
86 65
86 26
86 41
86 67
86 38
86 57
86 54
86 88
86 46
86 37
86 100
86 94
86 12
86 95
86 96
86 99
86 14
86 44
86 53
86 4
86 39
86 56
86 45
86 28
86 58
86 82
86 93
86 21
86 32
86 6
86 42
86 80
86 66
86 89
86 11
86 18
86 61
86 74
86 7
86 22
86 5
86 72
86 98
86 85
86 50
86 63
86 30
86 25
