100 33075
65 64 35 72 68 30 43 44 52 8 18 48 47 34 7 84 54 96 50 78 31 71 65 89 16 87 98 55 2 2 43 24 60 84 65 89 29 25 58 6 77 15 80 81 48 29 7 52 93 77 34 66 81 35 31 79 10 32 43 56 20 92 91 20 15 91 65 33 47 64 55 68 91 85 67 97 39 33 85 71 42 58 49 10 84 11 90 36 28 28 80 95 23 4 63 99 36 30 57 17
37 6
37 93
37 67
37 84
37 88
37 86
37 87
37 66
37 52
37 71
37 72
37 36
37 40
37 32
37 85
37 7
37 26
37 21
37 13
37 1
37 74
37 2
37 69
37 25
37 96
37 9
37 27
37 44
37 94
37 10
37 19
37 99
37 42
37 77
37 15
37 24
37 61
37 8
37 100
37 48
37 39
37 51
37 38
37 30
37 63
37 55
37 82
37 45
37 97
37 62
37 23
37 16
37 4
37 20
37 92
37 75
37 11
37 58
37 31
37 41
37 33
37 89
37 83
37 56
37 91
37 22
37 70
37 18
37 59
37 14
37 3
37 47
37 60
37 43
37 12
37 5
37 29
37 46
37 17
37 54
37 68
37 79
37 50
37 28
37 35
37 64
37 81
37 49
37 34
37 98
37 80
37 78
37 90
37 53
37 57
37 65
37 73
37 95
37 76
