100 49651
25 18 54 15 91 43 55 88 70 65 75 58 13 11 90 61 96 73 5 37 45 49 90 32 96 66 38 47 36 84 73 33 27 71 69 67 58 88 44 13 58 34 29 84 72 18 67 34 27 64 91 81 56 39 97 88 89 73 38 40 7 56 13 85 54 6 41 42 21 19 73 52 75 6 36 40 52 88 73 29 85 28 25 79 24 47 48 86 10 98 63 84 58 91 73 91 89 88 41 48
97 24
97 96
97 88
97 64
97 6
97 10
97 19
97 36
97 40
97 29
97 70
97 82
97 16
97 48
97 61
97 14
97 41
97 51
97 85
97 33
97 31
97 59
97 20
97 67
97 43
97 69
97 100
97 62
97 57
97 45
97 49
97 92
97 1
97 87
97 23
97 93
97 26
97 60
97 30
97 8
97 83
97 78
97 99
97 2
97 47
97 81
97 89
97 35
97 74
97 86
97 22
97 68
97 79
97 71
97 76
97 77
97 15
97 11
97 75
97 9
97 54
97 58
97 95
97 3
97 52
97 34
97 28
97 12
97 17
97 4
97 32
97 27
97 66
97 37
97 91
97 25
97 38
97 56
97 73
97 44
97 42
97 55
97 53
97 7
97 18
97 94
97 84
97 39
97 13
97 90
97 21
97 5
97 80
97 65
97 72
97 46
97 63
97 98
97 50
