100 90703
74 28 38 34 82 37 69 99 8 14 59 92 69 72 4 38 12 18 32 98 97 1 99 61 33 24 78 66 4 62 23 62 58 83 32 19 3 82 93 94 43 50 69 23 2 13 93 81 29 68 90 79 39 84 66 85 61 94 87 45 83 44 71 6 60 51 73 84 82 71 55 58 32 94 54 58 98 9 89 97 68 81 62 57 79 91 99 65 19 49 26 8 88 35 62 90 9 98 92 69
45 20
26 97
93 48
51 66
14 57
7 49
10 33
90 30
58 61
53 73
91 34
95 15
96 77
63 30
87 17
16 7
41 3
35 14
5 94
49 8
20 94
84 82
62 76
76 29
97 91
22 84
11 81
9 46
25 91
70 42
57 86
8 34
83 81
31 83
48 4
56 55
100 49
55 5
28 83
4 29
47 94
50 88
15 7
88 93
69 55
44 86
40 3
42 86
38 83
19 81
32 51
60 28
92 90
12 93
18 44
54 85
89 53
94 34
80 78
30 38
33 66
36 2
98 43
21 84
75 99
72 55
66 86
71 67
65 45
29 86
13 94
39 3
43 46
74 62
79 47
61 29
3 91
52 77
6 77
24 57
99 37
81 49
1 30
78 52
17 97
37 4
73 17
77 57
85 24
46 34
34 86
23 12
27 44
64 71
59 74
68 62
2 91
67 94
82 7
