100 6831
18 74 16 83 51 12 57 54 86 53 11 78 98 84 25 64 62 37 77 47 83 18 82 18 41 45 39 86 74 76 97 57 90 84 45 45 78 23 99 99 57 39 16 12 90 36 33 3 92 81 38 65 64 76 12 76 82 49 91 60 96 79 53 29 14 36 93 83 16 16 45 85 44 69 88 18 85 54 5 43 25 11 86 99 43 63 45 6 38 83 43 7 45 44 64 98 60 32 16 38
95 65
4 40
59 87
76 51
98 85
71 44
34 70
57 8
10 32
24 96
37 58
27 90
33 97
49 9
93 30
9 12
17 8
36 85
54 67
29 3
80 30
39 38
99 68
70 98
20 77
47 64
73 83
60 27
58 60
14 60
5 6
7 60
35 76
38 40
85 86
42 16
6 70
43 76
81 56
21 92
61 71
44 30
32 35
74 26
15 64
22 27
100 29
69 16
56 58
75 51
94 100
25 78
23 74
16 85
45 65
97 29
89 77
19 22
46 3
88 68
84 28
64 97
82 77
53 33
41 71
31 79
63 6
66 96
52 22
40 16
86 90
62 29
11 60
13 51
72 60
18 89
83 68
26 30
87 92
92 75
96 87
1 34
12 69
79 85
50 28
67 93
78 1
2 53
91 100
90 3
65 85
30 3
51 90
55 68
8 54
28 16
68 32
77 51
48 27
