100 7279
17 71 64 72 9 53 81 43 26 70 16 98 27 49 87 15 49 96 84 50 19 91 20 4 25 7 29 53 34 36 52 67 22 75 36 85 28 44 82 1 24 65 11 26 19 5 49 63 66 54 42 94 15 92 35 98 36 39 83 41 70 5 89 71 95 66 49 85 48 14 72 43 16 19 27 2 11 56 81 46 16 55 34 22 8 19 48 15 92 11 14 97 23 26 76 74 62 56 76 100
22 83
57 25
9 73
48 16
37 91
18 84
26 46
51 83
96 91
76 15
5 74
78 19
74 51
40 79
2 68
17 24
49 90
77 7
15 29
97 37
82 26
92 7
60 44
45 95
86 35
56 1
73 51
13 69
91 4
24 83
55 64
35 41
52 11
1 74
58 46
29 69
89 11
50 44
72 91
99 24
95 72
43 83
33 73
87 11
10 59
21 9
42 57
3 68
80 72
61 24
32 52
85 26
11 91
54 95
7 4
53 83
23 13
36 88
38 64
100 91
98 2
83 6
94 47
46 4
67 5
27 61
6 4
62 37
14 62
70 91
44 51
64 74
47 51
75 1
93 87
39 68
25 39
30 9
12 26
20 46
31 84
66 15
79 33
19 73
8 24
59 68
34 33
81 84
16 9
69 6
28 4
65 22
88 83
84 11
68 72
71 16
90 88
63 15
41 39
