100
4 2
R 4 1
R 2 3
3 4
W 2 2
R 3 1
W 3 1
W 1 3
4 3
W 1 3
R 4 1
R 1 3
3 6
R 1 1
R 3 2
R 2 3
W 3 3
W 2 1
W 1 2
5 0
7 3
W 3 3
W 1 6
W 5 1
4 8
W 1 4
W 3 1
W 2 3
R 1 1
W 4 2
R 3 2
R 2 3
R 4 4
4 1
W 4 2
7 3
R 5 7
W 2 5
W 4 2
5 8
W 5 1
R 2 5
W 4 3
R 1 3
W 2 2
R 3 2
W 3 5
R 5 1
7 7
R 3 1
R 2 7
R 6 6
W 2 3
W 7 5
R 7 4
R 1 3
5 0
3 6
W 1 2
W 3 3
R 2 2
W 2 1
R 1 3
R 3 1
1 1
R 1 1
5 2
W 4 4
W 5 5
5 5
W 4 2
R 3 1
R 2 4
R 1 3
R 5 5
1 0
1 0
6 4
W 6 6
W 1 2
R 3 5
R 6 3
5 10
W 4 1
R 4 3
W 1 2
R 3 2
W 2 5
W 5 3
R 2 4
R 5 1
W 3 4
R 1 5
5 8
W 4 2
R 3 1
W 5 3
W 3 5
R 2 5
W 2 4
R 4 4
W 1 1
5 8
W 2 3
R 2 4
W 1 5
W 5 1
W 4 2
W 3 4
R 4 2
R 5 1
7 3
R 4 7
R 2 3
R 5 5
2 4
W 2 1
W 1 2
R 2 2
R 1 1
2 4
R 2 2
W 1 2
R 1 1
W 2 1
3 0
5 7
W 5 4
R 2 4
W 1 2
W 2 5
R 4 1
R 5 3
W 3 1
2 0
1 0
6 10
R 4 3
W 1 5
W 3 3
R 5 1
W 4 2
R 3 5
R 1 4
W 6 1
W 5 4
W 2 6
3 1
W 2 1
2 3
R 2 2
R 1 1
W 1 1
2 0
5 10
R 3 2
W 5 1
W 4 2
R 5 5
R 4 1
W 2 3
W 3 5
W 1 4
R 1 4
R 2 3
4 5
W 1 1
W 2 4
R 4 2
W 4 3
W 3 2
3 4
W 1 3
W 2 1
W 3 2
R 2 2
1 1
R 1 1
1 2
R 1 1
W 1 1
3 6
R 2 1
R 1 2
R 3 3
W 2 3
W 3 2
W 1 1
4 2
R 1 1
W 2 4
1 2
R 1 1
W 1 1
3 1
W 1 3
1 1
W 1 1
6 4
R 1 3
R 3 6
W 1 3
W 3 4
2 1
W 2 1
7 8
R 3 7
R 7 3
R 6 6
W 5 3
R 1 4
W 2 5
W 4 7
W 6 4
6 10
W 6 3
R 6 3
W 5 1
W 4 4
R 2 6
R 5 4
W 2 6
W 3 5
R 3 2
R 4 1
2 1
W 2 2
1 1
R 1 1
5 1
R 3 4
7 1
R 2 6
7 5
R 4 7
R 7 6
R 5 1
R 6 3
W 2 4
2 2
R 2 2
R 1 1
5 6
R 5 2
W 3 5
R 3 5
W 1 1
W 5 3
W 4 4
5 8
W 5 5
W 1 1
W 2 3
R 1 1
W 3 2
W 4 4
R 4 3
R 2 5
3 0
1 0
3 1
W 2 1
2 3
R 1 1
W 1 1
R 2 2
3 1
R 3 2
2 0
6 6
R 1 6
R 5 5
W 5 5
R 3 3
R 2 4
W 1 6
2 2
R 2 2
R 1 1
7 12
R 5 7
R 7 1
W 5 1
R 1 2
W 4 3
R 6 6
R 3 4
R 2 5
W 2 7
R 4 3
W 6 2
W 3 5
5 9
R 3 1
R 2 4
W 5 5
R 4 2
W 3 2
W 4 1
R 1 3
W 2 4
W 1 3
1 0
5 3
R 1 3
R 4 4
W 2 3
5 6
R 3 4
W 1 5
R 1 3
W 4 4
R 2 2
R 5 5
5 4
W 3 1
R 4 4
R 5 3
W 5 3
2 3
R 2 2
R 1 1
W 1 1
4 2
W 4 2
R 1 4
4 4
W 2 1
R 3 2
R 1 3
W 4 4
7 8
R 6 3
R 4 6
R 5 2
W 7 2
R 2 4
R 3 5
R 1 7
R 7 1
3 0
4 1
R 4 3
3 2
R 3 1
W 3 2
2 0
4 0
7 4
W 4 6
R 7 4
W 1 5
R 5 3
7 10
W 2 6
W 1 5
R 3 2
R 2 1
R 6 6
R 1 7
W 6 2
R 4 5
R 7 4
W 5 7
7 11
R 2 2
W 7 6
R 4 5
W 2 3
W 4 7
W 3 5
R 1 4
R 3 7
W 1 1
R 6 3
W 6 2
4 2
R 1 3
W 4 1
1 1
W 1 1
3 3
W 2 3
R 1 3
W 3 1
5 3
W 5 2
W 4 1
W 2 4
2 1
W 1 1
7 10
R 6 1
W 7 4
W 3 7
R 4 5
R 5 3
W 2 1
R 1 7
W 4 6
R 7 6
W 6 3
4 6
R 4 2
R 3 1
W 3 3
W 2 2
W 1 1
W 4 4
7 2
W 3 2
R 3 6
2 3
R 2 1
R 1 2
W 1 2
7 7
W 6 6
R 5 4
W 4 1
R 2 3
W 7 2
W 1 5
R 6 2
2 2
W 1 2
R 2 1
3 6
R 2 1
W 2 2
R 3 2
W 1 1
R 1 3
W 3 3
2 0
3 2
W 2 2
W 3 3
5 3
W 3 4
W 5 5
R 4 3
6 2
W 3 1
W 1 4
5 8
W 2 2
W 1 1
R 2 5
R 5 1
R 3 2
R 4 4
R 1 3
W 4 5
7 14
W 5 6
W 2 7
W 7 4
R 4 3
R 5 7
W 4 2
W 6 1
R 6 5
W 1 3
W 3 5
R 1 6
R 3 2
R 7 4
R 2 1
1 2
R 1 1
W 1 1
