100
4 3
W 4 2
R 1 1
W 3 3
6 8
W 5 5
R 5 1
W 6 4
R 3 3
R 4 5
R 6 4
W 2 3
W 3 1
3 3
R 1 2
W 1 1
R 3 1
3 2
W 3 2
W 2 1
3 4
R 3 3
R 1 1
W 3 1
R 2 2
3 6
W 1 2
W 2 1
W 3 3
R 1 1
R 2 3
R 3 2
5 3
R 2 3
R 4 2
R 1 4
1 2
W 1 1
R 1 1
3 4
W 2 3
W 3 2
R 2 2
W 1 1
2 4
R 1 2
R 2 1
W 1 2
W 2 1
1 0
7 13
R 5 5
R 2 1
W 1 3
R 4 4
W 7 6
R 3 2
R 6 3
W 3 2
R 1 6
R 7 7
W 4 1
W 2 4
W 5 7
5 9
W 1 5
W 3 1
R 3 2
R 5 3
R 4 4
W 4 4
W 2 3
W 5 2
R 2 1
5 10
W 1 3
W 5 2
R 5 2
W 3 4
W 2 1
R 3 1
W 4 5
R 4 4
R 1 5
R 2 3
5 8
W 3 1
R 4 3
R 5 5
R 2 1
R 3 2
R 1 4
W 5 5
W 4 4
3 6
W 2 1
W 1 3
W 3 2
R 3 3
R 2 2
R 1 1
1 2
W 1 1
R 1 1
1 0
5 0
6 3
R 5 1
W 5 2
W 6 1
4 7
W 4 4
R 4 2
W 3 3
W 2 2
R 2 3
R 1 4
R 3 1
6 4
R 2 6
W 5 2
R 5 2
W 3 1
7 8
R 5 2
R 2 1
W 1 6
W 5 7
R 1 5
R 7 3
R 3 7
R 6 4
4 3
R 2 3
W 3 3
R 4 4
6 1
W 5 5
6 3
R 5 4
R 4 2
R 2 3
7 12
W 2 7
R 2 2
W 6 5
W 7 6
R 5 3
R 6 7
W 1 4
W 4 2
W 5 3
R 7 6
W 3 1
R 1 4
3 4
W 1 3
W 2 2
W 3 1
R 3 3
3 2
R 1 1
W 2 2
2 0
7 1
W 4 5
2 3
W 1 1
W 2 2
R 1 1
6 10
R 3 1
R 6 3
R 2 5
W 5 1
W 3 5
W 4 6
W 1 3
R 4 2
W 6 4
R 1 4
2 1
R 2 2
5 5
W 4 3
W 3 1
W 2 5
W 1 4
W 5 2
6 2
R 6 6
R 3 1
5 1
W 5 4
2 1
R 2 1
1 2
W 1 1
R 1 1
3 3
R 2 2
R 3 3
W 1 3
2 1
W 1 1
2 4
W 1 2
W 2 1
R 1 2
R 2 1
4 1
W 4 1
4 5
W 1 3
W 4 4
W 2 1
R 3 1
W 3 2
5 0
5 9
W 4 5
W 1 3
W 3 2
R 5 1
W 5 4
R 2 2
W 2 1
R 1 5
R 4 3
3 5
W 1 1
W 3 2
W 2 3
R 2 1
R 1 2
1 0
5 8
W 5 1
W 3 4
R 1 3
W 2 5
R 4 2
R 5 1
W 1 2
W 4 3
5 10
R 4 5
W 4 2
W 3 4
W 5 5
R 3 3
R 2 2
R 5 1
R 1 4
W 1 3
W 2 1
1 2
R 1 1
W 1 1
4 3
R 2 4
R 1 3
R 4 2
6 8
R 1 3
W 3 4
R 4 2
R 3 4
R 5 1
R 2 6
R 6 5
W 5 3
5 7
R 2 4
R 3 1
W 1 2
W 2 3
R 4 5
W 5 1
R 5 3
5 8
W 1 5
W 3 2
R 5 4
R 3 2
W 5 1
W 4 3
W 2 4
R 4 5
4 5
W 2 2
R 4 3
W 1 4
W 4 1
W 3 3
2 1
W 1 2
7 13
W 3 3
W 1 7
R 7 5
W 2 1
W 6 6
W 7 2
R 3 7
W 5 4
R 5 4
W 4 5
R 4 2
R 1 1
R 6 6
7 8
W 3 5
W 7 1
R 5 4
R 2 5
W 6 6
W 1 4
W 2 3
R 3 6
2 1
W 1 2
4 0
7 9
R 1 2
R 4 3
W 3 2
R 3 1
R 2 4
R 6 7
R 5 6
R 7 5
W 1 1
1 2
W 1 1
R 1 1
4 7
W 1 1
W 4 3
R 1 1
W 3 4
W 2 2
R 3 2
R 2 4
5 5
R 4 5
W 1 2
R 3 3
W 3 4
R 1 4
1 0
3 3
W 3 2
R 2 3
W 2 3
2 2
W 1 1
R 2 1
4 8
R 3 4
W 4 3
R 2 2
R 1 1
R 4 3
W 2 4
W 1 2
W 3 1
3 3
W 2 3
R 2 1
W 1 2
7 2
R 1 6
R 3 1
2 3
R 1 1
W 1 2
W 2 1
1 1
R 1 1
6 8
W 1 2
W 3 4
W 4 1
R 5 5
R 1 6
R 2 3
R 4 2
W 6 6
7 11
W 6 4
W 2 2
W 5 3
W 4 6
R 3 6
R 7 5
R 4 2
W 7 5
R 1 1
R 5 4
R 2 7
7 8
W 6 4
W 2 6
W 1 7
R 7 3
R 4 4
R 5 6
R 3 1
W 3 5
6 8
R 2 6
R 5 2
R 6 3
W 5 6
W 6 5
W 1 3
W 4 4
R 4 5
5 9
R 4 2
R 5 3
W 4 4
W 1 2
W 5 5
W 3 1
W 2 3
R 1 4
R 3 5
7 12
W 7 1
R 6 1
W 1 6
W 6 2
R 7 6
R 5 7
W 3 3
W 2 7
R 4 4
W 5 5
W 4 4
R 2 5
2 1
R 1 2
1 0
7 5
R 1 7
W 1 5
W 2 2
W 6 4
R 3 4
2 0
5 4
R 5 3
W 4 5
R 4 2
R 1 1
4 4
R 2 4
R 1 3
R 4 1
R 3 2
2 1
W 1 1
7 1
W 2 5
4 2
R 4 3
W 2 4
3 2
W 2 1
W 3 3
2 2
R 1 1
W 1 1
7 10
W 4 2
W 5 5
W 3 6
W 7 4
W 1 7
R 7 3
W 6 1
W 2 3
R 5 7
R 1 1
7 8
R 2 2
R 1 1
R 4 6
W 3 5
W 7 7
R 7 4
W 6 6
W 2 4
1 2
W 1 1
R 1 1
7 14
W 3 7
R 3 6
W 1 3
R 5 5
W 4 6
W 5 2
W 2 1
W 7 4
W 6 5
R 4 1
R 7 4
R 6 2
R 2 7
R 1 3
6 12
R 4 6
R 5 3
W 3 1
R 6 5
R 3 1
W 4 5
R 2 2
W 6 6
W 2 4
W 1 2
R 1 4
W 5 3
1 0
6 7
R 3 2
W 6 1
R 4 4
R 6 6
R 2 1
W 3 2
R 1 5
2 2
W 1 1
W 2 2
1 1
W 1 1
5 0
