100
5 6
W 2 3
R 4 2
R 2 3
R 3 5
R 5 1
R 1 4
3 0
6 5
W 3 3
W 5 1
W 4 6
R 5 4
W 1 5
2 0
5 6
W 5 2
R 5 2
R 3 5
W 3 1
R 4 3
W 2 3
2 0
4 4
R 1 4
R 3 1
R 2 3
W 2 1
2 4
W 1 1
R 1 1
W 2 2
R 2 2
2 4
R 2 2
R 1 1
W 1 2
W 2 1
3 4
W 1 3
W 2 2
R 3 1
R 1 2
6 4
W 6 2
W 3 6
R 1 4
W 5 3
1 0
2 0
2 0
5 9
R 3 3
R 2 1
R 4 5
R 5 4
W 3 2
R 1 2
W 1 5
W 2 4
W 5 3
2 0
2 0
1 2
W 1 1
R 1 1
2 3
R 1 1
R 2 2
W 1 2
5 1
W 1 2
1 1
R 1 1
2 3
R 2 1
W 1 1
W 2 2
4 8
W 3 2
W 4 3
W 2 1
R 4 3
W 1 4
R 2 4
R 3 2
R 1 1
5 5
R 4 4
R 2 1
R 5 3
W 3 2
R 1 5
2 4
W 2 2
W 1 1
R 1 2
R 2 1
1 0
3 5
R 1 3
R 2 1
W 3 3
R 3 2
W 1 2
7 1
W 1 1
1 1
W 1 1
4 5
R 4 2
W 4 1
R 3 4
W 2 2
R 1 3
1 1
R 1 1
1 2
W 1 1
R 1 1
4 7
W 1 4
W 2 3
W 3 1
R 3 2
R 2 3
W 4 2
R 4 1
2 3
W 2 1
R 1 1
W 1 2
7 7
W 5 4
R 3 4
R 7 2
W 3 2
R 6 1
W 6 3
R 5 7
2 2
W 2 2
W 1 1
4 8
W 3 1
R 1 4
R 2 2
W 4 2
R 3 3
W 1 4
R 4 1
W 2 3
1 1
W 1 1
3 3
W 3 1
R 2 1
R 1 3
3 3
R 2 3
R 3 2
W 2 3
2 2
W 2 2
R 1 2
3 5
W 3 1
W 1 3
R 2 1
W 2 2
R 1 3
4 0
3 1
R 1 2
1 0
3 3
W 1 1
R 1 3
W 2 3
6 8
W 5 5
W 1 4
W 3 3
W 6 2
R 1 2
R 3 6
W 4 1
W 2 6
3 0
7 4
W 6 5
W 7 7
R 7 7
R 6 6
3 2
R 1 3
R 2 1
4 4
R 2 4
W 1 2
R 1 1
W 2 1
5 5
W 5 4
W 2 3
W 3 2
W 4 1
R 4 3
6 2
R 1 4
W 1 2
5 5
W 1 5
R 1 4
W 2 4
W 3 3
R 3 3
3 5
R 3 1
R 1 2
R 2 3
W 1 1
W 3 2
4 8
W 2 1
R 1 1
W 4 4
W 3 3
W 1 2
R 4 3
R 3 4
R 2 2
5 1
W 2 2
5 10
W 2 4
R 2 2
R 5 3
W 5 3
W 1 1
R 4 4
W 4 2
W 3 5
R 1 1
R 3 5
1 1
W 1 1
1 2
R 1 1
W 1 1
3 2
R 1 2
R 2 3
3 0
3 6
R 2 3
W 1 1
W 3 2
R 1 1
W 2 3
R 3 2
7 11
W 3 1
R 6 6
R 2 4
W 4 7
W 7 4
W 1 5
R 3 5
W 6 3
W 2 2
R 1 3
R 5 1
3 0
1 1
W 1 1
5 10
R 3 2
W 3 2
W 5 3
R 4 1
W 2 1
W 1 4
W 4 5
R 1 3
R 2 4
R 5 5
5 3
R 2 5
W 5 1
R 3 4
1 2
W 1 1
R 1 1
4 1
W 4 3
3 6
W 2 2
W 3 3
R 1 3
W 1 1
R 3 2
R 2 1
1 1
W 1 1
7 11
W 1 5
R 1 1
R 4 7
R 6 6
W 3 2
R 7 3
W 6 6
R 2 4
R 5 5
W 7 1
R 3 2
4 4
R 2 2
W 1 3
W 2 2
R 1 1
3 6
R 1 1
W 2 3
R 2 2
W 1 1
W 3 2
R 3 3
5 2
W 3 1
W 5 3
5 2
R 2 5
W 3 3
1 1
R 1 1
2 2
R 1 2
W 1 2
4 1
R 1 4
2 3
W 2 2
R 1 1
W 1 1
6 11
W 1 5
W 3 6
W 2 1
W 5 3
W 4 4
W 6 2
R 6 1
R 1 5
R 2 4
R 3 3
R 4 6
3 4
R 1 1
W 3 1
R 3 3
W 2 3
2 4
W 1 2
W 2 1
R 1 2
R 2 1
5 0
4 3
R 4 2
W 2 2
R 2 3
6 2
W 5 1
R 5 2
5 1
R 3 4
2 2
W 2 1
W 1 2
1 2
W 1 1
R 1 1
2 4
R 2 2
W 1 1
R 1 1
W 2 2
3 4
R 3 2
W 2 2
W 1 1
W 3 3
3 0
1 2
R 1 1
W 1 1
6 7
R 1 4
R 4 1
R 3 5
R 6 6
W 2 6
R 2 3
W 5 5
1 1
R 1 1
4 0
7 6
R 2 3
W 6 2
R 1 6
R 4 5
W 3 1
W 1 3
6 5
R 3 4
W 5 4
R 5 1
R 2 2
R 4 6
2 2
W 2 1
R 1 1
