2000
1 7 0
1 7 1
1 7 2
1 7 3
1 7 4
1 7 5
1 7 6
1 7 7
1 7 8
1 7 9
1 7 10
1 7 11
1 7 12
1 7 13
1 7 14
1 7 15
1 7 16
1 7 17
1 7 18
1 7 19
1 7 20
1 7 21
1 7 22
1 7 23
1 7 24
1 7 25
1 7 26
1 7 27
1 7 28
1 7 29
1 7 30
1 7 31
1 7 32
1 7 33
1 7 34
1 7 35
1 7 36
1 7 37
1 7 38
1 7 39
1 7 40
1 7 41
1 7 42
1 7 43
1 7 44
1 7 45
1 7 46
1 7 47
1 7 48
1 7 49
1 7 50
1 7 51
1 7 52
1 7 53
1 7 54
1 7 55
1 7 56
1 7 57
1 7 58
1 7 59
1 7 60
1 7 61
1 7 62
1 7 63
1 7 64
1 7 65
1 7 66
1 7 67
1 7 68
1 7 69
1 7 70
1 7 71
1 7 72
1 7 73
1 7 74
1 7 75
1 7 76
1 7 77
1 7 78
1 7 79
1 7 80
1 7 81
1 7 82
1 7 83
1 7 84
1 7 85
1 7 86
1 7 87
1 7 88
1 7 89
1 7 90
1 7 91
1 7 92
1 7 93
1 7 94
1 7 95
1 7 96
1 7 97
1 7 98
1 7 99
1 7 100
1 7 101
1 7 102
1 7 103
1 7 104
1 7 105
1 7 106
1 7 107
1 7 108
1 7 109
1 7 110
1 7 111
1 7 112
1 7 113
1 7 114
1 7 115
1 7 116
1 7 117
1 7 118
1 7 119
1 7 120
1 7 121
1 7 122
1 7 123
1 7 124
1 7 125
1 7 126
1 7 127
1 7 128
1 7 129
1 7 130
1 7 131
1 7 132
1 7 133
1 7 134
1 7 135
1 7 136
1 7 137
1 7 138
1 7 139
1 7 140
1 7 141
1 7 142
1 7 143
1 7 144
1 7 145
1 7 146
1 7 147
1 7 148
1 7 149
1 7 150
1 7 151
1 7 152
1 7 153
1 7 154
1 7 155
1 7 156
1 7 157
1 7 158
1 7 159
1 7 160
1 7 161
1 7 162
1 7 163
1 7 164
1 7 165
1 7 166
1 7 167
1 7 168
1 7 169
1 7 170
1 7 171
1 7 172
1 7 173
1 7 174
1 7 175
1 7 176
1 7 177
1 7 178
1 7 179
1 7 180
1 7 181
1 7 182
1 7 183
1 7 184
1 7 185
1 7 186
1 7 187
1 7 188
1 7 189
1 7 190
1 7 191
1 7 192
1 7 193
1 7 194
1 7 195
1 7 196
1 7 197
1 7 198
1 7 199
1 7 200
1 7 201
1 7 202
1 7 203
1 7 204
1 7 205
1 7 206
1 7 207
1 7 208
1 7 209
1 7 210
1 7 211
1 7 212
1 7 213
1 7 214
1 7 215
1 7 216
1 7 217
1 7 218
1 7 219
1 7 220
1 7 221
1 7 222
1 7 223
1 7 224
1 7 225
1 7 226
1 7 227
1 7 228
1 7 229
1 7 230
1 7 231
1 7 232
1 7 233
1 7 234
1 7 235
1 7 236
1 7 237
1 7 238
1 7 239
1 7 240
1 7 241
1 7 242
1 7 243
1 7 244
1 7 245
1 7 246
1 7 247
1 7 248
1 7 249
1 7 250
1 7 251
1 7 252
1 7 253
1 7 254
1 7 255
1 7 256
1 7 257
1 7 258
1 7 259
1 7 260
1 7 261
1 7 262
1 7 263
1 7 264
1 7 265
1 7 266
1 7 267
1 7 268
1 7 269
1 7 270
1 7 271
1 7 272
1 7 273
1 7 274
1 7 275
1 7 276
1 7 277
1 7 278
1 7 279
1 7 280
1 7 281
1 7 282
1 7 283
1 7 284
1 7 285
1 7 286
1 7 287
1 7 288
1 7 289
1 7 290
1 7 291
1 7 292
1 7 293
1 7 294
1 7 295
1 7 296
1 7 297
1 7 298
1 7 299
1 7 300
1 7 301
1 7 302
1 7 303
1 7 304
1 7 305
1 7 306
1 7 307
1 7 308
1 7 309
1 7 310
1 7 311
1 7 312
1 7 313
1 7 314
1 7 315
1 7 316
1 7 317
1 7 318
1 7 319
1 7 320
1 7 321
1 7 322
1 7 323
1 7 324
1 7 325
1 7 326
1 7 327
1 7 328
1 7 329
1 7 330
1 7 331
1 7 332
1 7 333
1 7 334
1 7 335
1 7 336
1 7 337
1 7 338
1 7 339
1 7 340
1 7 341
1 7 342
1 7 343
1 7 344
1 7 345
1 7 346
1 7 347
1 7 348
1 7 349
1 7 350
1 7 351
1 7 352
1 7 353
1 7 354
1 7 355
1 7 356
1 7 357
1 7 358
1 7 359
1 7 360
1 7 361
1 7 362
1 7 363
1 7 364
1 7 365
1 7 366
1 7 367
1 7 368
1 7 369
1 7 370
1 7 371
1 7 372
1 7 373
1 7 374
1 7 375
1 7 376
1 7 377
1 7 378
1 7 379
1 7 380
1 7 381
1 7 382
1 7 383
1 7 384
1 7 385
1 7 386
1 7 387
1 7 388
1 7 389
1 7 390
1 7 391
1 7 392
1 7 393
1 7 394
1 7 395
1 7 396
1 7 397
1 7 398
1 7 399
1 7 400
1 7 401
1 7 402
1 7 403
1 7 404
1 7 405
1 7 406
1 7 407
1 7 408
1 7 409
1 7 410
1 7 411
1 7 412
1 7 413
1 7 414
1 7 415
1 7 416
1 7 417
1 7 418
1 7 419
1 7 420
1 7 421
1 7 422
1 7 423
1 7 424
1 7 425
1 7 426
1 7 427
1 7 428
1 7 429
1 7 430
1 7 431
1 7 432
1 7 433
1 7 434
1 7 435
1 7 436
1 7 437
1 7 438
1 7 439
1 7 440
1 7 441
1 7 442
1 7 443
1 7 444
1 7 445
1 7 446
1 7 447
1 7 448
1 7 449
1 7 450
1 7 451
1 7 452
1 7 453
1 7 454
1 7 455
1 7 456
1 7 457
1 7 458
1 7 459
1 7 460
1 7 461
1 7 462
1 7 463
1 7 464
1 7 465
1 7 466
1 7 467
1 7 468
1 7 469
1 7 470
1 7 471
1 7 472
1 7 473
1 7 474
1 7 475
1 7 476
1 7 477
1 7 478
1 7 479
1 7 480
1 7 481
1 7 482
1 7 483
1 7 484
1 7 485
1 7 486
1 7 487
1 7 488
1 7 489
1 7 490
1 7 491
1 7 492
1 7 493
1 7 494
1 7 495
1 7 496
1 7 497
1 7 498
1 7 499
1 7 500
1 7 501
1 7 502
1 7 503
1 7 504
1 7 505
1 7 506
1 7 507
1 7 508
1 7 509
1 7 510
1 7 511
1 7 512
1 7 513
1 7 514
1 7 515
1 7 516
1 7 517
1 7 518
1 7 519
1 7 520
1 7 521
1 7 522
1 7 523
1 7 524
1 7 525
1 7 526
1 7 527
1 7 528
1 7 529
1 7 530
1 7 531
1 7 532
1 7 533
1 7 534
1 7 535
1 7 536
1 7 537
1 7 538
1 7 539
1 7 540
1 7 541
1 7 542
1 7 543
1 7 544
1 7 545
1 7 546
1 7 547
1 7 548
1 7 549
1 7 550
1 7 551
1 7 552
1 7 553
1 7 554
1 7 555
1 7 556
1 7 557
1 7 558
1 7 559
1 7 560
1 7 561
1 7 562
1 7 563
1 7 564
1 7 565
1 7 566
1 7 567
1 7 568
1 7 569
1 7 570
1 7 571
1 7 572
1 7 573
1 7 574
1 7 575
1 7 576
1 7 577
1 7 578
1 7 579
1 7 580
1 7 581
1 7 582
1 7 583
1 7 584
1 7 585
1 7 586
1 7 587
1 7 588
1 7 589
1 7 590
1 7 591
1 7 592
1 7 593
1 7 594
1 7 595
1 7 596
1 7 597
1 7 598
1 7 599
1 7 600
1 7 601
1 7 602
1 7 603
1 7 604
1 7 605
1 7 606
1 7 607
1 7 608
1 7 609
1 7 610
1 7 611
1 7 612
1 7 613
1 7 614
1 7 615
1 7 616
1 7 617
1 7 618
1 7 619
1 7 620
1 7 621
1 7 622
1 7 623
1 7 624
1 7 625
1 7 626
1 7 627
1 7 628
1 7 629
1 7 630
1 7 631
1 7 632
1 7 633
1 7 634
1 7 635
1 7 636
1 7 637
1 7 638
1 7 639
1 7 640
1 7 641
1 7 642
1 7 643
1 7 644
1 7 645
1 7 646
1 7 647
1 7 648
1 7 649
1 7 650
1 7 651
1 7 652
1 7 653
1 7 654
1 7 655
1 7 656
1 7 657
1 7 658
1 7 659
1 7 660
1 7 661
1 7 662
1 7 663
1 7 664
1 7 665
1 7 666
1 7 667
1 7 668
1 7 669
1 7 670
1 7 671
1 7 672
1 7 673
1 7 674
1 7 675
1 7 676
1 7 677
1 7 678
1 7 679
1 7 680
1 7 681
1 7 682
1 7 683
1 7 684
1 7 685
1 7 686
1 7 687
1 7 688
1 7 689
1 7 690
1 7 691
1 7 692
1 7 693
1 7 694
1 7 695
1 7 696
1 7 697
1 7 698
1 7 699
1 7 700
1 7 701
1 7 702
1 7 703
1 7 704
1 7 705
1 7 706
1 7 707
1 7 708
1 7 709
1 7 710
1 7 711
1 7 712
1 7 713
1 7 714
1 7 715
1 7 716
1 7 717
1 7 718
1 7 719
1 7 720
1 7 721
1 7 722
1 7 723
1 7 724
1 7 725
1 7 726
1 7 727
1 7 728
1 7 729
1 7 730
1 7 731
1 7 732
1 7 733
1 7 734
1 7 735
1 7 736
1 7 737
1 7 738
1 7 739
1 7 740
1 7 741
1 7 742
1 7 743
1 7 744
1 7 745
1 7 746
1 7 747
1 7 748
1 7 749
1 7 750
1 7 751
1 7 752
1 7 753
1 7 754
1 7 755
1 7 756
1 7 757
1 7 758
1 7 759
1 7 760
1 7 761
1 7 762
1 7 763
1 7 764
1 7 765
1 7 766
1 7 767
1 7 768
1 7 769
1 7 770
1 7 771
1 7 772
1 7 773
1 7 774
1 7 775
1 7 776
1 7 777
1 7 778
1 7 779
1 7 780
1 7 781
1 7 782
1 7 783
1 7 784
1 7 785
1 7 786
1 7 787
1 7 788
1 7 789
1 7 790
1 7 791
1 7 792
1 7 793
1 7 794
1 7 795
1 7 796
1 7 797
1 7 798
1 7 799
1 7 800
1 7 801
1 7 802
1 7 803
1 7 804
1 7 805
1 7 806
1 7 807
1 7 808
1 7 809
1 7 810
1 7 811
1 7 812
1 7 813
1 7 814
1 7 815
1 7 816
1 7 817
1 7 818
1 7 819
1 7 820
1 7 821
1 7 822
1 7 823
1 7 824
1 7 825
1 7 826
1 7 827
1 7 828
1 7 829
1 7 830
1 7 831
1 7 832
1 7 833
1 7 834
1 7 835
1 7 836
1 7 837
1 7 838
1 7 839
1 7 840
1 7 841
1 7 842
1 7 843
1 7 844
1 7 845
1 7 846
1 7 847
1 7 848
1 7 849
1 7 850
1 7 851
1 7 852
1 7 853
1 7 854
1 7 855
1 7 856
1 7 857
1 7 858
1 7 859
1 7 860
1 7 861
1 7 862
1 7 863
1 7 864
1 7 865
1 7 866
1 7 867
1 7 868
1 7 869
1 7 870
1 7 871
1 7 872
1 7 873
1 7 874
1 7 875
1 7 876
1 7 877
1 7 878
1 7 879
1 7 880
1 7 881
1 7 882
1 7 883
1 7 884
1 7 885
1 7 886
1 7 887
1 7 888
1 7 889
1 7 890
1 7 891
1 7 892
1 7 893
1 7 894
1 7 895
1 7 896
1 7 897
1 7 898
1 7 899
1 7 900
1 7 901
1 7 902
1 7 903
1 7 904
1 7 905
1 7 906
1 7 907
1 7 908
1 7 909
1 7 910
1 7 911
1 7 912
1 7 913
1 7 914
1 7 915
1 7 916
1 7 917
1 7 918
1 7 919
1 7 920
1 7 921
1 7 922
1 7 923
1 7 924
1 7 925
1 7 926
1 7 927
1 7 928
1 7 929
1 7 930
1 7 931
1 7 932
1 7 933
1 7 934
1 7 935
1 7 936
1 7 937
1 7 938
1 7 939
1 7 940
1 7 941
1 7 942
1 7 943
1 7 944
1 7 945
1 7 946
1 7 947
1 7 948
1 7 949
1 7 950
1 7 951
1 7 952
1 7 953
1 7 954
1 7 955
1 7 956
1 7 957
1 7 958
1 7 959
1 7 960
1 7 961
1 7 962
1 7 963
1 7 964
1 7 965
1 7 966
1 7 967
1 7 968
1 7 969
1 7 970
1 7 971
1 7 972
1 7 973
1 7 974
1 7 975
1 7 976
1 7 977
1 7 978
1 7 979
1 7 980
1 7 981
1 7 982
1 7 983
1 7 984
1 7 985
1 7 986
1 7 987
1 7 988
1 7 989
1 7 990
1 7 991
1 7 992
1 7 993
1 7 994
1 7 995
1 7 996
1 7 997
1 7 998
1 7 999
2 6 0
2 6 1
2 6 2
2 6 3
2 6 4
2 6 5
2 6 6
2 6 7
2 6 8
2 6 9
2 6 10
2 6 11
2 6 12
2 6 13
2 6 14
2 6 15
2 6 16
2 6 17
2 6 18
2 6 19
2 6 20
2 6 21
2 6 22
2 6 23
2 6 24
2 6 25
2 6 26
2 6 27
2 6 28
2 6 29
2 6 30
2 6 31
2 6 32
2 6 33
2 6 34
2 6 35
2 6 36
2 6 37
2 6 38
2 6 39
2 6 40
2 6 41
2 6 42
2 6 43
2 6 44
2 6 45
2 6 46
2 6 47
2 6 48
2 6 49
2 6 50
2 6 51
2 6 52
2 6 53
2 6 54
2 6 55
2 6 56
2 6 57
2 6 58
2 6 59
2 6 60
2 6 61
2 6 62
2 6 63
2 6 64
2 6 65
2 6 66
2 6 67
2 6 68
2 6 69
2 6 70
2 6 71
2 6 72
2 6 73
2 6 74
2 6 75
2 6 76
2 6 77
2 6 78
2 6 79
2 6 80
2 6 81
2 6 82
2 6 83
2 6 84
2 6 85
2 6 86
2 6 87
2 6 88
2 6 89
2 6 90
2 6 91
2 6 92
2 6 93
2 6 94
2 6 95
2 6 96
2 6 97
2 6 98
2 6 99
2 6 100
2 6 101
2 6 102
2 6 103
2 6 104
2 6 105
2 6 106
2 6 107
2 6 108
2 6 109
2 6 110
2 6 111
2 6 112
2 6 113
2 6 114
2 6 115
2 6 116
2 6 117
2 6 118
2 6 119
2 6 120
2 6 121
2 6 122
2 6 123
2 6 124
2 6 125
2 6 126
2 6 127
2 6 128
2 6 129
2 6 130
2 6 131
2 6 132
2 6 133
2 6 134
2 6 135
2 6 136
2 6 137
2 6 138
2 6 139
2 6 140
2 6 141
2 6 142
2 6 143
2 6 144
2 6 145
2 6 146
2 6 147
2 6 148
2 6 149
2 6 150
2 6 151
2 6 152
2 6 153
2 6 154
2 6 155
2 6 156
2 6 157
2 6 158
2 6 159
2 6 160
2 6 161
2 6 162
2 6 163
2 6 164
2 6 165
2 6 166
2 6 167
2 6 168
2 6 169
2 6 170
2 6 171
2 6 172
2 6 173
2 6 174
2 6 175
2 6 176
2 6 177
2 6 178
2 6 179
2 6 180
2 6 181
2 6 182
2 6 183
2 6 184
2 6 185
2 6 186
2 6 187
2 6 188
2 6 189
2 6 190
2 6 191
2 6 192
2 6 193
2 6 194
2 6 195
2 6 196
2 6 197
2 6 198
2 6 199
2 6 200
2 6 201
2 6 202
2 6 203
2 6 204
2 6 205
2 6 206
2 6 207
2 6 208
2 6 209
2 6 210
2 6 211
2 6 212
2 6 213
2 6 214
2 6 215
2 6 216
2 6 217
2 6 218
2 6 219
2 6 220
2 6 221
2 6 222
2 6 223
2 6 224
2 6 225
2 6 226
2 6 227
2 6 228
2 6 229
2 6 230
2 6 231
2 6 232
2 6 233
2 6 234
2 6 235
2 6 236
2 6 237
2 6 238
2 6 239
2 6 240
2 6 241
2 6 242
2 6 243
2 6 244
2 6 245
2 6 246
2 6 247
2 6 248
2 6 249
2 6 250
2 6 251
2 6 252
2 6 253
2 6 254
2 6 255
2 6 256
2 6 257
2 6 258
2 6 259
2 6 260
2 6 261
2 6 262
2 6 263
2 6 264
2 6 265
2 6 266
2 6 267
2 6 268
2 6 269
2 6 270
2 6 271
2 6 272
2 6 273
2 6 274
2 6 275
2 6 276
2 6 277
2 6 278
2 6 279
2 6 280
2 6 281
2 6 282
2 6 283
2 6 284
2 6 285
2 6 286
2 6 287
2 6 288
2 6 289
2 6 290
2 6 291
2 6 292
2 6 293
2 6 294
2 6 295
2 6 296
2 6 297
2 6 298
2 6 299
2 6 300
2 6 301
2 6 302
2 6 303
2 6 304
2 6 305
2 6 306
2 6 307
2 6 308
2 6 309
2 6 310
2 6 311
2 6 312
2 6 313
2 6 314
2 6 315
2 6 316
2 6 317
2 6 318
2 6 319
2 6 320
2 6 321
2 6 322
2 6 323
2 6 324
2 6 325
2 6 326
2 6 327
2 6 328
2 6 329
2 6 330
2 6 331
2 6 332
2 6 333
2 6 334
2 6 335
2 6 336
2 6 337
2 6 338
2 6 339
2 6 340
2 6 341
2 6 342
2 6 343
2 6 344
2 6 345
2 6 346
2 6 347
2 6 348
2 6 349
2 6 350
2 6 351
2 6 352
2 6 353
2 6 354
2 6 355
2 6 356
2 6 357
2 6 358
2 6 359
2 6 360
2 6 361
2 6 362
2 6 363
2 6 364
2 6 365
2 6 366
2 6 367
2 6 368
2 6 369
2 6 370
2 6 371
2 6 372
2 6 373
2 6 374
2 6 375
2 6 376
2 6 377
2 6 378
2 6 379
2 6 380
2 6 381
2 6 382
2 6 383
2 6 384
2 6 385
2 6 386
2 6 387
2 6 388
2 6 389
2 6 390
2 6 391
2 6 392
2 6 393
2 6 394
2 6 395
2 6 396
2 6 397
2 6 398
2 6 399
2 6 400
2 6 401
2 6 402
2 6 403
2 6 404
2 6 405
2 6 406
2 6 407
2 6 408
2 6 409
2 6 410
2 6 411
2 6 412
2 6 413
2 6 414
2 6 415
2 6 416
2 6 417
2 6 418
2 6 419
2 6 420
2 6 421
2 6 422
2 6 423
2 6 424
2 6 425
2 6 426
2 6 427
2 6 428
2 6 429
2 6 430
2 6 431
2 6 432
2 6 433
2 6 434
2 6 435
2 6 436
2 6 437
2 6 438
2 6 439
2 6 440
2 6 441
2 6 442
2 6 443
2 6 444
2 6 445
2 6 446
2 6 447
2 6 448
2 6 449
2 6 450
2 6 451
2 6 452
2 6 453
2 6 454
2 6 455
2 6 456
2 6 457
2 6 458
2 6 459
2 6 460
2 6 461
2 6 462
2 6 463
2 6 464
2 6 465
2 6 466
2 6 467
2 6 468
2 6 469
2 6 470
2 6 471
2 6 472
2 6 473
2 6 474
2 6 475
2 6 476
2 6 477
2 6 478
2 6 479
2 6 480
2 6 481
2 6 482
2 6 483
2 6 484
2 6 485
2 6 486
2 6 487
2 6 488
2 6 489
2 6 490
2 6 491
2 6 492
2 6 493
2 6 494
2 6 495
2 6 496
2 6 497
2 6 498
2 6 499
2 6 500
2 6 501
2 6 502
2 6 503
2 6 504
2 6 505
2 6 506
2 6 507
2 6 508
2 6 509
2 6 510
2 6 511
2 6 512
2 6 513
2 6 514
2 6 515
2 6 516
2 6 517
2 6 518
2 6 519
2 6 520
2 6 521
2 6 522
2 6 523
2 6 524
2 6 525
2 6 526
2 6 527
2 6 528
2 6 529
2 6 530
2 6 531
2 6 532
2 6 533
2 6 534
2 6 535
2 6 536
2 6 537
2 6 538
2 6 539
2 6 540
2 6 541
2 6 542
2 6 543
2 6 544
2 6 545
2 6 546
2 6 547
2 6 548
2 6 549
2 6 550
2 6 551
2 6 552
2 6 553
2 6 554
2 6 555
2 6 556
2 6 557
2 6 558
2 6 559
2 6 560
2 6 561
2 6 562
2 6 563
2 6 564
2 6 565
2 6 566
2 6 567
2 6 568
2 6 569
2 6 570
2 6 571
2 6 572
2 6 573
2 6 574
2 6 575
2 6 576
2 6 577
2 6 578
2 6 579
2 6 580
2 6 581
2 6 582
2 6 583
2 6 584
2 6 585
2 6 586
2 6 587
2 6 588
2 6 589
2 6 590
2 6 591
2 6 592
2 6 593
2 6 594
2 6 595
2 6 596
2 6 597
2 6 598
2 6 599
2 6 600
2 6 601
2 6 602
2 6 603
2 6 604
2 6 605
2 6 606
2 6 607
2 6 608
2 6 609
2 6 610
2 6 611
2 6 612
2 6 613
2 6 614
2 6 615
2 6 616
2 6 617
2 6 618
2 6 619
2 6 620
2 6 621
2 6 622
2 6 623
2 6 624
2 6 625
2 6 626
2 6 627
2 6 628
2 6 629
2 6 630
2 6 631
2 6 632
2 6 633
2 6 634
2 6 635
2 6 636
2 6 637
2 6 638
2 6 639
2 6 640
2 6 641
2 6 642
2 6 643
2 6 644
2 6 645
2 6 646
2 6 647
2 6 648
2 6 649
2 6 650
2 6 651
2 6 652
2 6 653
2 6 654
2 6 655
2 6 656
2 6 657
2 6 658
2 6 659
2 6 660
2 6 661
2 6 662
2 6 663
2 6 664
2 6 665
2 6 666
2 6 667
2 6 668
2 6 669
2 6 670
2 6 671
2 6 672
2 6 673
2 6 674
2 6 675
2 6 676
2 6 677
2 6 678
2 6 679
2 6 680
2 6 681
2 6 682
2 6 683
2 6 684
2 6 685
2 6 686
2 6 687
2 6 688
2 6 689
2 6 690
2 6 691
2 6 692
2 6 693
2 6 694
2 6 695
2 6 696
2 6 697
2 6 698
2 6 699
2 6 700
2 6 701
2 6 702
2 6 703
2 6 704
2 6 705
2 6 706
2 6 707
2 6 708
2 6 709
2 6 710
2 6 711
2 6 712
2 6 713
2 6 714
2 6 715
2 6 716
2 6 717
2 6 718
2 6 719
2 6 720
2 6 721
2 6 722
2 6 723
2 6 724
2 6 725
2 6 726
2 6 727
2 6 728
2 6 729
2 6 730
2 6 731
2 6 732
2 6 733
2 6 734
2 6 735
2 6 736
2 6 737
2 6 738
2 6 739
2 6 740
2 6 741
2 6 742
2 6 743
2 6 744
2 6 745
2 6 746
2 6 747
2 6 748
2 6 749
2 6 750
2 6 751
2 6 752
2 6 753
2 6 754
2 6 755
2 6 756
2 6 757
2 6 758
2 6 759
2 6 760
2 6 761
2 6 762
2 6 763
2 6 764
2 6 765
2 6 766
2 6 767
2 6 768
2 6 769
2 6 770
2 6 771
2 6 772
2 6 773
2 6 774
2 6 775
2 6 776
2 6 777
2 6 778
2 6 779
2 6 780
2 6 781
2 6 782
2 6 783
2 6 784
2 6 785
2 6 786
2 6 787
2 6 788
2 6 789
2 6 790
2 6 791
2 6 792
2 6 793
2 6 794
2 6 795
2 6 796
2 6 797
2 6 798
2 6 799
2 6 800
2 6 801
2 6 802
2 6 803
2 6 804
2 6 805
2 6 806
2 6 807
2 6 808
2 6 809
2 6 810
2 6 811
2 6 812
2 6 813
2 6 814
2 6 815
2 6 816
2 6 817
2 6 818
2 6 819
2 6 820
2 6 821
2 6 822
2 6 823
2 6 824
2 6 825
2 6 826
2 6 827
2 6 828
2 6 829
2 6 830
2 6 831
2 6 832
2 6 833
2 6 834
2 6 835
2 6 836
2 6 837
2 6 838
2 6 839
2 6 840
2 6 841
2 6 842
2 6 843
2 6 844
2 6 845
2 6 846
2 6 847
2 6 848
2 6 849
2 6 850
2 6 851
2 6 852
2 6 853
2 6 854
2 6 855
2 6 856
2 6 857
2 6 858
2 6 859
2 6 860
2 6 861
2 6 862
2 6 863
2 6 864
2 6 865
2 6 866
2 6 867
2 6 868
2 6 869
2 6 870
2 6 871
2 6 872
2 6 873
2 6 874
2 6 875
2 6 876
2 6 877
2 6 878
2 6 879
2 6 880
2 6 881
2 6 882
2 6 883
2 6 884
2 6 885
2 6 886
2 6 887
2 6 888
2 6 889
2 6 890
2 6 891
2 6 892
2 6 893
2 6 894
2 6 895
2 6 896
2 6 897
2 6 898
2 6 899
2 6 900
2 6 901
2 6 902
2 6 903
2 6 904
2 6 905
2 6 906
2 6 907
2 6 908
2 6 909
2 6 910
2 6 911
2 6 912
2 6 913
2 6 914
2 6 915
2 6 916
2 6 917
2 6 918
2 6 919
2 6 920
2 6 921
2 6 922
2 6 923
2 6 924
2 6 925
2 6 926
2 6 927
2 6 928
2 6 929
2 6 930
2 6 931
2 6 932
2 6 933
2 6 934
2 6 935
2 6 936
2 6 937
2 6 938
2 6 939
2 6 940
2 6 941
2 6 942
2 6 943
2 6 944
2 6 945
2 6 946
2 6 947
2 6 948
2 6 949
2 6 950
2 6 951
2 6 952
2 6 953
2 6 954
2 6 955
2 6 956
2 6 957
2 6 958
2 6 959
2 6 960
2 6 961
2 6 962
2 6 963
2 6 964
2 6 965
2 6 966
2 6 967
2 6 968
2 6 969
2 6 970
2 6 971
2 6 972
2 6 973
2 6 974
2 6 975
2 6 976
2 6 977
2 6 978
2 6 979
2 6 980
2 6 981
2 6 982
2 6 983
2 6 984
2 6 985
2 6 986
2 6 987
2 6 988
2 6 989
2 6 990
2 6 991
2 6 992
2 6 993
2 6 994
2 6 995
2 6 996
2 6 997
2 6 998
2 6 999
