1000
-47075 63427 -46556
-95519 34778 69604
945 -26975 62936
-2573 -52540 -87677
-76122 10835 -16986
-78349 -47737 -66143
-90912 -33125 83412
-77899 -22426 -34581
-59109 32156 -39600
48325 42497 26923
95944 17309 71446
-56967 -17876 -37983
64414 -23438 8189
-34674 -22832 73807
76874 6522 -37241
-41619 -53630 -53739
-8182 -76933 -71653
49662 -83370 -43272
35873 7892 48523
19575 -71572 -50520
82363 -31913 -3719
-72833 -73026 -27578
-83185 -71246 75111
40356 -78326 13186
-18025 -32774 11005
-19009 43108 69926
-2964 25202 -10647
-37313 55614 36750
28231 86100 43079
85273 60725 -4604
-66956 -36081 99592
-25258 -78984 -96515
64839 24969 -23276
-57456 -97135 -33394
33877 13257 75754
-43507 19946 73246
87672 97528 57256
-69370 33924 -77576
-65224 73067 -72413
34344 -87159 -79826
-96668 20027 64024
-18173 -28077 29176
-56239 -44692 63090
-97186 28788 41818
39911 -65400 8452
-39708 609 -14853
22439 -11973 -81622
-71820 -91186 -7993
-9973 -45455 55840
34487 41027 47615
19875 96271 -5294
84560 -13428 -22045
-6614 -13839 -12088
-81601 -87373 8585
-54553 72115 57645
-37716 81421 63673
-38326 34293 -14211
51603 -20939 27440
11069 -48662 30249
-44529 10963 -151
-91533 68869 44894
91581 -90448 -93341
-5528 -97392 -6950
91007 -31706 -93886
-39038 -27115 14051
-82287 12941 -25246
39054 -45789 -93729
-88134 -69650 28782
-2109 9574 82842
16202 46590 93943
67817 -90630 8209
95480 -72447 -84737
5808 51625 -21341
13072 -20898 50013
60642 -19644 -51266
-70514 -91311 57184
-91931 -289 -58627
7219 -52362 -80358
83327 -45675 76271
71427 36426 74310
-20172 -42891 29020
22766 83576 49165
-71888 44256 -51706
-43784 77484 64476
-84208 -78423 -98034
12162 -66715 -60293
-81578 -36166 -83906
-26634 -11619 61311
90227 86620 -2207
1811 83741 54402
-58865 -9743 -59768
-24710 4267 -64507
-40483 13957 -24743
51670 42802 50570
37327 41427 -45895
73490 -80413 83076
-2044 -22427 92347
-28028 -57885 -45589
-46557 49121 85492
4305 15369 64844
-29541 36473 70625
-8181 95977 -75181
-68180 82692 63406
35459 -92006 13709
6797 66685 41521
-19786 43208 60145
3378 -10899 5345
67197 52008 69503
46865 -93528 22357
-29435 -99110 -18818
-31795 -40091 -29537
66054 -87958 -42986
14321 63294 44265
-14814 -1197 -8092
-34703 -80479 19670
-84006 -46164 -91174
-63230 38009 -12153
1004 -11866 -43764
-76660 -924 81661
-47267 55078 81083
37799 57706 -61222
44218 4225 -69457
-6130 29768 38930
-80586 4856 33654
-79094 19704 52809
-56770 87654 -13704
-2710 -7038 35360
-24301 -35007 -48177
27265 -32766 -99035
-58699 54964 34519
-86744 -28786 -70096
95614 -60448 27817
69967 82272 -96180
-63703 -32439 -78606
-7948 -37779 -45971
-22055 -17579 -75842
-34535 -9810 95361
42328 -80494 94240
2165 23203 -14364
-91500 30263 -98757
6164 15094 30189
34975 -48793 -583
-51245 -93904 45373
-53616 -69304 24223
11387 -12487 -9475
-85120 -3144 31987
18616 62935 31469
75375 -94644 -26284
38910 9268 -6763
95541 30582 25396
-87273 -17172 9587
59038 48224 44189
-39002 -87309 26909
7899 -64473 -84951
12104 -40674 39276
1446 60230 -20515
-25934 -19430 -65887
-25433 79801 -4402
94044 -35177 -40070
59823 6891 -21724
-28255 -68017 -16764
-20147 43789 -92473
-51302 85768 -44338
20832 -17557 81851
-67422 9102 -93112
-55306 -86308 -37295
-67357 6658 -74243
47670 25277 -22902
-3315 83199 -18931
59610 35743 7563
15604 75625 43961
60410 72167 -89532
-46868 -39858 -88121
25722 -35258 54327
50701 31942 -37171
14784 -46244 53111
-87420 -87408 -84557
89560 -75339 -48499
75613 92680 -11228
39805 -64649 25477
-60070 40885 -70052
83779 13921 11784
41573 -84638 -98502
-390 6341 38282
-76146 94000 60494
93618 36653 -58398
99683 71052 67470
-23124 -74712 -38648
71069 -45528 26269
93012 35932 -63634
-94733 -86825 96727
12946 -99306 -49367
-48538 24165 -43534
69836 -86935 31517
-88283 37389 -64901
30043 -95574 9811
-13512 34139 68940
-29733 45235 -87443
29509 -5773 83055
75026 20704 30835
3814 75518 -67000
22291 67606 -97540
87645 -66413 -30719
1954 -21216 78116
-79036 81210 51835
-9415 74061 75880
72752 77145 79
64369 80476 18813
-79764 17196 -46691
-16200 -87792 -3495
372 24773 -6121
37273 -70949 -32622
-97619 -66437 41867
72984 66853 52445
-46926 -20743 -99476
-43037 -56471 23573
93196 -5294 -31138
-62879 18701 51346
77135 -95027 -87955
-97959 38678 -22982
-25439 60570 89015
-42111 43840 74194
-67059 -58256 69484
-10327 54756 -89603
-72153 56070 -75573
-27213 49039 83965
62575 -34611 -51781
-17975 62864 64563
-27702 -48614 85621
85583 -72295 86648
99180 -73091 48918
-53710 18973 19365
36272 95166 30682
-32212 -56798 -69328
46453 -5001 -9321
-75827 97862 51803
34508 47508 8857
-44745 -64181 76518
-65575 -76339 81478
1662 17740 -93649
-43492 34915 -89677
73626 -81803 98482
-54936 -44462 -73847
-32945 46093 -30202
7752 54813 -83216
39059 -20622 -79138
64006 -97054 -30133
-13150 27651 32735
-68085 11103 -40876
-61722 82389 -2688
25560 41682 -82011
-19539 -92583 -19496
65669 99706 64709
99738 -76633 -19056
27530 61587 -277
60238 -47796 46045
52152 -2008 70771
-19612 -19621 -21261
42107 37414 -59056
-10887 45901 17009
19396 -83226 50108
-58614 78085 54912
73291 23950 90689
-26382 93967 72160
10659 94558 -40782
-63165 86400 -66001
12312 5629 73455
47939 86452 -74786
-20451 -7937 -7368
70330 -438 32724
-78957 79177 84212
12114 8222 50585
-53188 37515 42589
4276 22267 21980
18815 86574 53903
973 -85328 -87566
-65957 -63403 -41677
32171 -91869 37034
-8905 15111 -73769
43551 96769 82373
15914 -15389 -87247
-22344 -56692 -97589
85626 19241 91311
-19344 44040 -53149
-24804 32536 -81325
-61358 -67874 20791
12266 84594 -90484
29523 80376 53213
-48572 21059 -16993
-59052 8509 92128
92920 -16744 -69557
-85619 -29014 27448
97217 86217 -14761
-76794 -15300 15813
91087 -84626 50951
8835 -84534 -97773
51942 -93173 -20618
-57595 -28386 80026
-29689 85921 -1079
64971 -27754 -75443
69158 25326 10196
97652 59408 64295
40125 -82443 75552
26102 54276 64835
51890 -31279 93324
68006 60724 -15477
-2682 -69190 95036
75568 4037 -38368
-27181 87926 -77327
63223 -16872 -10998
74450 80757 92766
7608 34420 -18767
-62636 -27060 -15789
38633 81992 -13619
-14421 17232 -87757
-18599 -41639 -54755
-91032 16889 68630
93810 -86539 37349
-42259 -49899 -49655
-52792 -47828 -13374
-79032 68069 -57879
47397 90019 -60822
-62385 29692 98623
33983 -65745 24991
69735 53260 -9446
60314 73303 -96128
88651 68827 47775
20203 -44383 -17417
85784 81466 36150
-79619 83373 36526
23628 67322 -92278
62102 -90137 2673
-49630 41984 85010
-57097 -92378 30125
33391 99794 85729
-65351 -4571 49064
11921 -33508 -81026
-23229 -48366 -24741
-12800 36680 2328
-40675 85287 11107
97290 -66486 26291
9477 13533 -66976
-59750 -7840 67827
-71345 5712 -84421
-19370 -69842 75809
-15960 5823 -12638
7291 -77949 17173
90468 98610 -44039
-2079 -11341 41222
-24417 -63305 92716
-79851 -20783 -59257
-12579 -67471 -89844
30131 -81029 50549
7628 59575 -22823
63212 -20941 23970
-19500 21025 1263
-43838 -20946 36464
75823 -99144 53946
92099 -75176 46637
13761 7455 -62503
-86586 80776 37004
28982 40101 99641
-25897 -44965 -46051
-824 12013 -3730
39449 -11970 -13272
24348 -48779 93849
68039 87708 -53888
-69966 -94062 -49207
-35216 -84137 16073
-59480 88557 58318
26398 -42283 -32298
-9416 -34783 -45987
38937 -6558 11753
33375 22187 28606
96051 -6768 14819
-37108 -22466 -80706
-77139 42631 -31832
95384 95068 -4079
54213 -18879 27956
-46133 8366 -2240
85116 65642 -59426
-21753 -69202 73404
35678 53696 25572
-90208 -71446 13283
-66898 -34869 -65026
95473 -70203 92934
-65509 -84619 -13979
76967 91655 28030
6054 37639 7389
-38431 -96478 69768
42424 59874 79323
8634 -52338 -66890
-43762 55275 -12132
33502 76459 40937
12453 95252 24767
-70967 90369 -71026
56026 30240 19058
31107 63124 69568
77448 98685 -67782
89345 24 78979
-34996 27755 -92997
-45272 93813 -17767
85004 25628 -17584
-26120 31028 -74299
60192 89263 -92892
16573 -36682 -33795
-83778 -79254 19422
16385 -1503 15945
2458 85541 -58139
-14898 -8649 -59601
-79638 -5119 -13484
28769 -42514 72268
27014 -99486 72901
66897 28561 8151
80960 -94205 -23180
-209 -60425 70239
-32333 -34487 -38730
-64454 3703 -28830
-31256 65664 -79547
79575 -87329 -55168
-53401 45278 7456
-7200 -50756 33479
8044 -38760 -83682
59447 -65681 -77694
61493 20456 -46455
-28913 22720 -44920
36857 -70839 19374
-18087 39745 -23629
-78307 -70828 81855
-6607 -37730 -46376
-80840 44969 -86166
-84216 -66719 75302
63549 -54779 -45423
76313 78790 70587
73711 -28480 -83274
79244 64385 34239
6655 78769 -14296
-54935 -98819 46273
-92683 18579 86080
75309 62109 32094
-68929 63536 50149
-47026 -99575 56003
4540 12373 67708
-73098 22909 -63174
42874 11823 13276
-85262 -92560 26779
-58436 327 53523
-97485 -1291 -91565
-48691 -98771 11208
-28545 -85004 -96726
68884 31616 57337
84944 16438 7953
-93415 88433 -51363
-6216 69117 -37073
-69748 9734 33809
-44899 64042 19494
-70438 44820 -7802
69682 -52497 89171
-65979 -88752 -1184
-36571 -74287 46266
-95212 73765 67720
-38959 -78718 -29351
92808 52800 -48888
33909 -62817 -85573
-75132 -59506 -21084
32217 5021 -50821
63086 58347 -95674
-34076 -14251 28549
-91415 -37931 -11480
-92104 -38660 29534
-38412 -2515 86755
72018 75734 -35372
44500 -6056 33341
13142 -33213 343
77125 -96798 75018
-63645 -78160 -33135
56826 -11043 -9772
79313 21118 -41979
74982 7633 15349
72555 60553 32494
38413 70806 -30911
-35029 -25083 79827
51257 -65997 98181
62885 38415 -65088
-86601 81693 -53759
-4418 28357 53582
18772 -74965 -3653
13440 23357 -51593
26495 -86991 -1564
-60990 57220 54225
-33438 26308 -6729
74346 61719 78384
-54864 42849 73297
64643 80071 -57393
41887 35962 67437
30446 -93003 35668
-32942 33757 -59715
4043 80092 -43713
64257 -88731 -44851
-51527 -23859 -73145
59682 -77560 3047
55566 -18368 64227
98143 -86859 -98508
-73932 -35172 51157
-57532 -6329 3146
-21589 -84885 -35384
-26970 -60110 -303
27197 -76596 18238
-37071 -94122 -42407
-20461 -10142 24823
90686 -23454 -87191
60819 -44493 80860
-63463 13347 30180
26375 22394 -72665
-21631 -58971 -64288
53910 38573 1292
-49871 -22166 -70354
48772 -18433 13217
-79117 -62350 -50917
26745 76008 28230
99190 -23828 -46157
-41774 -39598 81687
-11944 -5239 -39931
41431 -93768 -88753
48485 99356 -88995
-74230 44718 2640
85314 -93069 67405
-59737 57697 2870
84756 -41518 -61545
65304 97310 33351
28171 -18203 -59594
1346 -38412 -96017
3825 33859 -58152
20593 -88296 -10929
22733 -16858 -47303
-94745 -55249 -54689
-28684 69200 27652
84245 -93454 86806
34528 53686 82405
-51189 -48622 30362
-97819 86218 49301
86383 -24397 68862
-33034 -84219 -64698
27119 -94929 -4512
-17381 33995 95927
-72921 -98277 69783
80170 -22206 50855
23111 23826 39857
-12823 34071 10666
-32986 15159 -90719
-81249 91838 -52322
-15632 -91491 -83692
10213 -36742 -53052
-33280 -73624 -63793
-90966 51477 43068
27155 -35807 -60183
61031 -16634 28295
-23318 75679 -51926
-29144 -52673 70375
45318 53162 53989
59049 16304 -77862
-20686 43348 5133
23413 -92758 2141
81220 26151 73999
83155 -31452 -80813
-80848 77509 69673
19152 47392 -14332
-40261 -49478 35164
-14215 44643 -27186
-26080 -23551 -35166
-1237 25038 4836
-46301 62545 -59976
-4334 -77642 47968
-70545 96758 87936
-48552 92417 -26099
93921 -82109 65033
82736 -42076 72115
-94354 -22871 -19677
-34381 70218 9421
8168 12675 10530
-37767 31763 -90005
32596 -97898 71353
-16033 -12172 -30494
73796 -77675 -65478
94921 -26759 80772
-42536 7854 -81106
-63436 32010 24065
-80003 -33859 22487
-44752 -904 -50371
78992 -86815 25486
41248 88372 -36720
-46130 26081 48262
90845 -5350 -95305
22971 35624 68434
-59026 1432 -70972
-98523 77580 -30606
82549 -37207 12526
-31807 95017 72037
94273 49121 -86774
97207 -4533 -1067
1557 -94224 2975
-52739 67921 -85319
-89548 81490 12814
12573 -17057 -66192
85103 41665 45064
-2030 -46541 91819
89253 -28289 65478
40183 36838 -93080
-30707 -95641 53109
-36191 -50864 -85578
-65604 83027 -10051
839 80658 2954
76932 -84950 96876
80342 -1679 -24324
-23532 -47115 -31194
-54785 -29306 -61203
-44401 -21595 -7042
45686 -35742 -22602
28351 -14204 31120
-74850 -58334 -54279
-78977 -23348 -27042
27849 -75012 63113
-63657 41374 62872
76912 36553 67305
-98835 17853 29100
90180 10669 2615
31711 31110 10829
-16032 -32820 24086
-97801 -10186 -71006
-91877 15629 -80751
-18912 23541 11590
69905 55688 -92897
30462 18449 -54465
-7715 92256 64187
-42066 -7341 -70516
34612 58747 -17767
57801 98869 -61625
54402 23747 24387
-79596 -51078 79776
-84453 -3594 45384
62353 64584 79659
-33322 70130 -4241
-83102 95856 45935
-93437 38628 78925
-9887 -21490 -37939
-28995 -91506 46848
-96737 73579 -36634
7747 -54405 -33511
40200 -42765 86238
-74224 -84113 -59764
-71959 69554 25131
-35193 92599 54561
-78700 -48524 -24878
-88137 -41120 24413
-29999 -46993 -57865
-3454 5139 51762
-43214 63400 -58883
-39225 14950 5421
-1006 81171 -1546
57662 21947 27008
25547 59260 -53389
40327 91387 43900
-6204 -40181 51965
-64854 -16533 -22957
4942 95468 -38765
-34694 51131 -50324
-23589 1704 74245
59711 -59486 78282
27522 -61115 61664
65432 41867 18706
-5777 52315 -90057
-80636 77951 -75868
46313 33805 69021
-57557 75683 -66557
-14687 57291 -52959
81036 -52159 -61772
51638 44917 16166
82062 -60747 -21551
5291 -62651 -22426
-4541 7538 -72581
-83787 -14550 -40846
-28793 -60335 83825
-9408 77705 20140
-65599 -44123 88837
81921 -33485 -17815
-75643 -1266 -68475
70375 30961 2232
-12135 85065 -25157
-8895 -85926 82654
-53287 -13147 88715
65842 -78057 -29088
-84909 -94989 -82700
-37682 16012 20166
-39810 88612 98649
21114 -48964 -69576
-41508 99525 85516
32055 -73845 -44242
9545 -7429 28850
21995 -28720 -37845
-47275 -91782 -57387
-36481 -61439 -68872
72213 -80008 70220
-57071 44744 -87821
46687 -98020 22690
-56895 -83092 57212
76767 -44006 -18244
-41032 87946 -40921
-27703 -4709 61847
-19315 -55464 63358
-48207 96225 -75622
-19965 -88611 -22530
6066 -9110 80713
-81756 54313 -26125
-19064 -58856 -27627
-98236 -55820 90210
80450 52730 81162
34559 4867 -56754
54602 -54821 13160
24949 67380 39051
-81190 77625 24207
-13843 -35569 56706
-74881 27353 -76308
-50856 -27986 -45198
46370 -37984 3616
68834 39354 31444
42201 -13507 27725
-28908 37875 1699
-77727 40752 -92969
-69971 -49100 18239
10018 -64791 -16198
-5871 -31642 38651
-76870 -55708 -34353
37184 28394 44458
-37369 -57984 -12793
-36675 77317 50554
-76286 -68230 35149
17198 88644 82133
57497 -60206 -4028
38446 56597 -11581
-53924 40265 -80084
-32014 41905 59351
-72740 80132 18865
-36464 64830 -22851
-75735 -10107 -53498
71693 92346 848
-15207 -38124 -23031
-89033 77664 -73255
66108 -98155 41017
-54802 -41546 76749
-74689 73990 -66727
65439 -35659 88545
-646 96183 77063
54888 97970 -38251
-94521 34197 -92687
-50050 41421 -53639
56024 -76128 -38601
-83982 -89631 79145
-89479 -14021 83121
49229 2652 51498
-38540 -19279 56946
-59276 -8024 -74357
60944 67392 -40224
-59314 -12427 -33693
-38072 -48905 -16779
26803 20534 76312
41185 -49239 77989
85633 -35915 -30137
-88405 -63006 34270
-4418 -45686 -35619
39711 -32601 -8529
-893 29157 64864
90044 -79690 -71532
13682 -43563 -1235
-96460 -2720 75705
-43702 -11674 -74515
49463 44719 -86958
-99776 -96070 -34435
58913 53145 -45395
32042 -91240 -43425
88979 -77317 -4742
95135 -18380 -71600
42609 -48707 36462
-52411 -25365 8986
-95686 68048 -66479
-79662 -51874 -47710
-61593 -90969 -81062
-62129 -94514 7269
69744 92032 -29289
-89187 -80024 33592
92586 97045 78562
22067 50735 -85080
-75122 -72983 -75376
61869 -81835 -74965
72315 -70691 -55336
-91299 25902 -48726
28121 8074 -34838
51708 -13980 9501
-32807 -2117 83008
81122 -59405 49551
57204 -83871 64027
-8277 -69766 17556
-25376 55058 -57118
-77584 -5037 24463
30666 -33907 -52311
20519 -25592 -80818
-26832 43187 65669
-86546 -54553 -92688
37098 10833 -98417
96152 -26067 49340
59642 -41384 -55498
-17662 -22194 22356
8717 -32491 -19166
-69717 23467 -25715
65446 -66349 2142
22280 99852 -68294
19497 -44707 -99768
-39747 86429 -19439
18913 -15472 -99884
-26642 -98626 19872
20010 -69848 -87886
-54402 -36936 19463
80933 62917 25648
-80970 -43513 -16133
-85836 -8434 37019
73759 -12768 70171
-33938 -42853 -3394
24086 92839 33963
-48898 -63802 -66334
-42235 94412 -61390
-17384 -25088 -37943
-3190 17552 -34111
72446 8810 -65424
-99347 -30936 -16966
-42946 34063 -65740
99575 -32809 47499
-53262 9670 -12842
3119 26549 -77492
-8240 80481 -39440
6973 69975 94360
93142 -10395 -38473
-50505 -86608 6869
-51263 53087 -99543
66618 -64748 95063
-41436 -44000 80646
81613 46228 -45573
75286 -26135 4244
-68186 -73626 -40305
83893 44733 -9843
-54492 8454 95899
57997 19165 30766
98168 -1066 72892
89994 79717 -49696
-54102 -25624 -95841
47197 -86705 11940
-16189 65712 6873
44728 -93606 -13437
-13320 77945 -41137
10832 99755 -73809
-16066 -948 -85511
22470 -92284 -15215
-52656 -70461 -38045
-3769 -41621 69187
-12556 87049 -93306
55113 90102 64097
-39049 -87432 20663
-49777 31478 -65773
-18108 -67934 -72862
81071 64360 -62263
-84206 24820 -59908
50908 -76928 -34946
-34733 77924 34296
-30629 87236 -76859
6618 17233 -3848
-98285 2978 -67275
-10659 88106 7060
34652 85739 3004
-30021 -30097 -61609
32217 -89533 76544
83383 -4219 84169
-85492 -12038 27255
36976 79522 64816
-26668 86371 -8047
37051 -18850 -69945
-25931 38982 -73409
36280 85649 -65358
30885 69956 64167
42718 -80271 95718
45830 -681 -35148
-82183 33716 -85664
-16452 -47849 -56487
-5950 -6683 -49700
-44942 94663 93797
-54100 -32396 19375
-63124 -94398 -53184
97468 84985 -33172
-40207 -45914 14690
-43811 -62364 -31024
5097 -7658 -81292
-60656 64362 -85563
74672 15531 76667
-5293 -41705 -95018
98130 -11225 99392
-14617 -54644 -75518
-16687 43899 26965
60753 -14162 -63054
-7973 36021 43648
-80547 -90468 37588
-49479 86209 43952
59552 -63163 13582
-21852 5291 -40193
13371 -36340 95806
16172 61485 34949
-77059 15104 -14021
-96501 99813 29766
90965 97909 -53339
-20157 -51814 73222
-40419 33892 -90132
60765 69282 33276
50975 89863 -54790
-5111 12239 57066
-50680 -65071 85969
-79827 -17596 -25401
-62662 -11723 59233
15312 -39888 47788
-14425 -661 -91562
-44194 24656 32328
2180 69761 -47355
-48477 -26596 53890
-74636 84684 42591
56855 3692 17738
39476 80795 -8012
-22202 -24737 -12346
-764 71687 45740
53813 -67850 -26241
43190 -97904 -14466
-84727 20188 -37471
-5476 94596 -28876
-1179 -24835 80299
-49781 29278 63520
46342 77805 -399
-62851 98614 -63543
-14798 -14530 99197
86366 -81012 -51660
52441 49121 -87942
-20767 82396 33745
-10518 1547 31596
20909 73218 75226
-6472 -87094 -58519
40673 96221 -96616
24420 19671 25372
-2382 -11581 -97929
35954 97529 -31016
55768 34613 13765
65477 91841 -31528
-8599 56313 71435
90339 -33262 -67607
-16031 -82238 6924
-3619 -58912 -52209
23768 -97323 2147
48460 -45745 64804
60449 98247 47560
33110 14401 -69655
-13137 9034 -66943
75384 -9782 -23428
84232 51895 -60197
70314 16596 19871
42215 -48834 38774
-43797 -83681 -79232
-87421 -50256 -93100
-98929 24343 1126
-85257 -40357 58988
6934 -60245 -59373
-83131 -3740 -10352
-60684 -10774 59290
93148 47823 -38697
-94384 -44802 -53811
-94547 50883 -26082
-70602 79618 -79932
46673 -79429 -79817
-35107 -34575 -38414
-4349 51011 -77238
-77831 71053 -94723
-33797 37728 36725
-48243 -36834 15268
90610 19200 -80439
-2553 10123 -47794
-56214 3888 -23408
-28860 -93395 40787
-59930 -81922 12782
-2973 24905 99217
7831 51806 31015
-70725 -60299 79652
-31384 61279 16882
90999 21420 714
-65545 72339 62590
-18192 21569 32599
-89340 92691 69619
63141 36446 57289
90588 -7506 10789
-33369 58580 -54868
