500
806587 413639
73018 661541
701835 929762
790442 170359
572306 724030
762171 945695
276071 257908
224534 269739
999350 350488
934384 784968
305586 901170
141694 145381
87484 305067
477707 672121
144860 132939
504000 784473
719730 32425
671154 26283
854891 969572
615148 41607
807579 904661
375007 259627
956676 146912
671621 787151
786437 829142
287421 970213
327016 791533
753574 638509
176153 412781
248452 683602
523853 996182
676810 225292
82921 620551
889860 113389
589201 116767
447566 47402
7590 609113
735652 276505
749290 454323
66198 899194
692904 699854
651202 641338
558405 183815
846443 294891
84007 769280
673473 403099
381120 466608
619424 690291
234027 248549
246310 939033
646618 772859
608472 848127
989178 282617
869628 446891
606843 594648
453828 328296
336112 414200
679885 296524
766654 701729
544372 703203
949165 388269
32794 625048
87634 542789
199679 847822
918736 656080
876367 199018
219350 656644
363517 808420
960282 578573
697457 616197
323164 18609
353794 232770
667355 367485
190064 340504
626995 226688
197328 508336
849665 9728
507494 991664
794574 36031
696010 891032
566776 507297
313850 837781
566722 438552
82510 840236
414999 661192
636423 85626
703262 671211
313001 956247
303562 76001
611948 976961
249639 883946
620402 61448
959637 924756
151592 373815
193272 997884
945374 238203
634290 890610
61896 25878
952136 992041
652394 134061
12741 328544
928372 680751
650064 24938
195743 64254
542442 858668
519137 116647
657711 650233
555333 45516
93107 539251
532045 287387
436063 483761
577900 409875
509633 151856
515934 113312
166016 938079
937267 688391
312625 684903
803000 442582
851654 919814
453421 273736
576963 644722
294664 162643
65979 973607
705283 894709
349061 941999
345144 190753
124505 400802
297455 854825
612434 943552
60649 699854
501499 943932
365019 864005
240304 966740
383648 140228
990348 347741
753429 839322
719151 487753
345233 835408
600536 278821
306584 9137
193654 376597
979831 311043
963055 581275
831201 647602
729776 307623
560042 542901
332778 463523
245396 90517
256025 979350
102762 908444
601990 414328
772524 92422
592434 735838
48447 363788
948771 316348
725539 741474
488947 974719
612421 988028
232106 251273
683544 135599
346546 108867
500797 369213
733606 498336
736462 940060
246551 752777
152943 927553
619123 839841
132771 633858
401754 561909
295631 154365
516646 433473
110255 404497
131687 242386
863712 51103
522022 583808
635000 654858
726810 507177
936563 409037
494319 701660
153909 205685
382587 647499
28383 866476
907346 680494
251654 719778
545043 589165
146609 845281
274795 305109
443632 721139
484399 979308
658360 263592
413401 596789
852848 554669
65117 516635
924871 236836
681040 289639
466478 103783
702290 811958
56234 440137
693696 703293
233449 597232
399730 426252
168262 506978
215764 630501
984019 269017
205402 156680
399734 171861
322747 446651
326002 958184
218676 829837
322030 245625
955268 196429
271637 983009
941208 546259
32704 386129
408611 414925
635291 590106
566495 807955
572287 236463
786905 457816
238684 170709
744513 363380
76530 764712
421085 549352
365264 955855
111699 916781
737963 411161
509003 989079
734499 161247
74181 599263
837620 661755
80623 452692
188656 522119
19931 869903
719148 153865
78727 83918
853364 750700
538475 75100
40250 197293
739301 831561
865316 203953
131198 859946
149828 781327
135346 920998
631481 320612
552112 233122
842326 885172
659451 813205
281170 338240
807830 453709
238153 708465
531701 432439
675770 315406
806889 72182
186224 473917
986089 947975
431402 668150
754608 281201
93191 904912
436554 580289
2835 27166
470344 772871
648634 151393
860640 277217
194344 398258
994824 397418
496896 825548
485388 364902
995498 743305
259840 140264
701157 664239
349901 973981
842441 624276
776712 804402
772997 793678
761683 758430
825666 157860
238316 517790
763237 417722
837526 343116
313825 648090
487316 845695
386946 796400
573060 348010
350551 878739
171259 394079
998789 589865
832086 195180
146100 918428
894102 93444
744819 459430
865786 762651
660764 960713
85920 140062
811323 604385
673520 227650
172476 817183
568116 743227
516120 510831
269465 621618
387531 391841
154690 107422
343354 423039
555837 994015
706396 572406
154965 760022
353735 810037
170382 491405
700307 305368
123771 81253
80604 628915
722816 981871
18385 912144
909109 358987
342925 21898
989832 457453
233651 790040
131686 26584
318548 398536
340280 855827
790111 667144
121248 368977
27764 156676
622152 869024
910733 554646
728115 97412
931215 694254
506609 991221
395893 403156
843668 633308
459370 387273
599063 104129
267826 536727
331935 378466
84113 924323
749710 224837
438281 624190
762850 298124
211656 640821
141023 673961
417241 287433
39512 934567
692373 592469
227130 434440
456756 941582
951652 818567
414357 671788
834928 483874
662462 588419
632311 452930
179001 999863
251296 603914
245359 999169
767506 232954
253074 617917
395200 464237
990880 318872
867558 367437
364022 851800
819831 624166
12050 55577
85527 898902
695157 953658
547851 24965
824736 570556
962754 501561
226187 971737
698735 535668
678722 632728
523590 981445
382339 59013
181611 31283
272768 511226
834009 451849
107883 75530
517642 277833
800500 866709
236238 153869
135730 645984
472090 733724
467186 683159
109060 746597
153588 745659
613075 1189
860224 106221
620320 881950
191343 91349
948807 713771
664068 310967
838394 55268
84888 220663
1318 991496
302368 862018
534127 679984
176621 983854
715823 32635
877348 86755
46885 147391
376511 210460
589783 925186
483189 605070
944636 151746
729747 310379
819962 30591
596142 746251
54935 235869
806181 98602
608210 180422
317823 636202
465905 948774
765418 972194
186209 542603
926924 877698
679906 359651
738751 594250
575831 637295
200234 471135
414552 842654
701497 757399
153060 461872
200914 266355
92886 20513
680544 424183
483284 312023
927919 991533
844494 328319
950171 724070
444414 116978
821862 934587
50526 508407
210843 33338
667643 610135
835286 697188
62829 597240
724840 284369
564931 479497
205070 880444
434538 784751
619856 170531
591479 537545
837590 438129
722925 241749
895827 948925
618186 970116
465784 637281
394323 743478
111555 467326
985190 66882
398528 344100
269249 194451
130143 303753
8136 617010
702232 14147
580890 487590
756414 17791
790933 914412
5519 622330
223318 631822
994538 132670
912292 166640
369023 716560
634851 377727
464294 376065
240142 343416
551250 300536
279981 224264
247566 209399
701483 865913
114940 601704
688239 755865
909528 311613
174383 207502
112434 758944
585615 440853
397076 175540
672857 40699
353897 835708
913851 365158
745769 896135
971961 693624
202678 964427
674321 809202
605599 484626
198108 175453
319028 978420
194915 310837
990251 888799
966368 603729
121937 438167
540781 779843
759502 640006
64344 728612
583548 214541
300656 628551
903196 358650
611931 678993
940237 947497
126637 818452
855730 157923
789693 427117
932891 839883
731668 885245
96991 564351
824378 818890
535309 812656
200917 374186
188506 404222
693387 498311
996679 90603
78238 174932
204131 580971
227990 567124
294232 239628
170694 880314
219638 51418
738070 86120
825063 421794
800726 706868
801269 528235
529157 877040
87689 998286
554336 252386
998687 852916
886845 478066
113681 216255
446092 527302
227585 181734
277988 916335
644300 905137
153583 818724
295445 643190
540407 613535
359604 785376
729416 434199
402377 434795
569257 705909
652602 33719
917185 731067
703631 21013
303354 809917
758527 247324
877691 192758
60140 819454
904544 397488
417566 216956
709376 164281
437107 535331
658228 701760
611486 112921
7993 493908
139246 452735
967889 189576
31221 198040
881718 410555
424720 747154
876235 529268
790809 712653
295805 978453
789961 681291
239687 379400
307109 676569
614051 951877
544531 59746
459948 759011
120949 135167
389686 867836
748704 813033
52780 173280
216804 872741
146872 646624
300850 428773
615179 995763
822580 648013
120696 657871
661499 145852
971231 783497
931301 823652
860252 790782
427650 495542
454180 143614
652280 866964
872725 895687
694492 785271
481504 286864
852101 117089
585534 600746
20852 223025
253337 920170
142219 95016
258721 358617
600383 797480
723629 956877
117169 98928
940934 155862
104457 701925
462392 213362
351172 206128
133353 494341
2938 537870
123914 29184
426169 365820
875436 552313
278114 486769
608721 439424
839924 474622
487004 652347
553314 713190
91330 823756
6033 589802
842704 569976
453083 210120
569216 751626
924695 919467
416664 428903
829983 667450
658681 804444
889680 830207
200562 182068
762868 456298
826868 794067
123321 571908
648136 231540
657561 425147
489353 579560
550346 181883
614036 135469
910453 631526
478160 757531
503391 954
539976 252864
242413 371697
654670 385259
495058 66892
998580 875621
447064 930864
465823 974172
214573 579124
539610 77313
251702 710261
943866 378558
736588 644800
215180 11887
522852 779282
92115 324597
658061 22454
672228 714178
969999 801657
634672 188421
58290 374768
271068 189547
861922 628365
860591 39928
926443 326920
533171 806967
253196 782672
345372 436194
721525 907127
156484 3282
120440 420859
933393 425615
868845 45721
850138 680161
89225 117321
781063 596762
856332 945036
209522 245129
909448 814510
674524 930828
866625 180675
856084 661661
427346 715129
177410 496898
867644 391706
945074 755937
101322 47153
477423 134384
82449 122775
716787 957611
913733 704208
369672 214422
404063 94013
509589 566162
342613 138771
358725 807756
831511 665693
536558 67838
139250 634129
325738 670302
236434 912135
3839 963161
824911 266434
842412 230086
547361 650597
131030 218020
48221 951247
592982 909713
467457 315272
907412 448150
108322 607371
161837 579488
282176 590805
862544 755393
551503 50006
363377 757325
291337 862227
793115 802821
832815 230237
74710 190239
494467 769025
717480 3262
453655 4263
239960 355455
546908 905783
93062 797807
966780 749424
243293 86572
916602 220415
546548 343158
988394 916189
725615 455466
325276 644147
67161 821672
586265 432535
110167 780083
620592 552189
916104 48116
650667 651970
75924 456005
375997 268299
471211 357519
420102 487994
617909 970053
89072 652908
302910 947660
651765 891965
230099 906285
370682 98406
495177 840941
175585 340289
109664 374951
354041 610194
190941 387707
162092 243778
29741 198544
136352 971103
135889 85977
949144 62516
82781 444146
847834 354769
162559 503631
327977 612768
173772 488125
413207 837603
996008 974788
417849 906673
198781 749627
615212 216325
494844 199191
415435 405419
605324 227883
83279 134949
296490 725704
858709 773649
254101 559105
577461 189967
515564 982042
450994 373619
11456 548540
647057 144156
411812 984923
477216 416616
354728 486898
395921 187924
719585 286568
445314 697770
911524 994213
802158 881434
958793 888613
183197 777467
738335 1607
831060 534034
399715 402250
77751 786757
511709 664107
375484 723492
66623 841899
404205 785247
347997 353420
160591 167587
539616 863932
473993 562622
407254 135353
367324 984302
681604 497986
5006 704061
371795 331612
620188 495480
591121 237362
661961 754782
792538 691278
826796 191196
663252 79977
875596 933819
260544 930929
730138 811757
381473 908289
412116 996417
8661 352779
169363 100359
618403 743051
120055 480867
971945 449716
601734 823658
756593 730654
544557 924614
896907 743277
137379 429456
660485 882571
430280 229142
160871 969024
881128 64816
160778 601298
477968 580304
432041 413003
543645 573349
844358 907594
648117 429109
323907 17000
407999 422518
847244 266313
274287 187491
113266 598275
347044 396385
453255 466270
625192 199780
671509 995950
668047 627699
672273 977488
494178 286749
739967 140095
563622 359572
10530 160270
93995 629741
615850 359819
217596 623638
367697 682785
818845 934462
670870 308893
308580 700838
271276 729455
542830 388491
999532 296008
103929 815584
549862 771891
995503 630112
207393 686896
349469 106633
960005 564393
832522 764547
901629 127633
689484 194296
112569 122297
324777 528722
276177 476237
993995 76447
279360 336370
380527 702006
181621 662079
327905 262568
515540 836667
135187 687599
315904 359367
36900 248523
690236 745358
814089 61084
23170 770167
766061 389437
820903 368793
730016 725268
442305 358098
337405 5896
93385 807270
222777 256727
226482 989320
132813 8409
103879 689705
466254 330281
246463 538927
235771 563505
846286 600898
852450 995043
567336 103764
676520 806585
972521 454875
223063 179259
64303 819246
283012 47094
285218 598437
511803 65006
844450 521402
391710 982860
997087 910549
458387 670427
568138 338409
766239 239456
820601 909714
806442 847745
561520 671309
201861 806833
581655 490037
690647 134784
106324 580966
898220 643914
41603 139502
513923 362389
526763 993007
464108 380445
783202 543518
363839 94236
757411 280910
850493 616589
924192 313176
428825 901338
369324 389200
804663 416634
446402 62379
408709 312178
598841 675499
943557 412852
772402 846112
930948 897692
984123 560298
266926 696225
941405 866706
685412 208236
892872 268740
568984 17448
585862 765353
752783 142882
439035 820717
219992 478262
594772 673360
201635 497926
537587 28337
719540 148122
704953 298473
801999 977552
565398 774934
208780 252052
767777 474479
232426 527034
999649 982671
688511 762578
363735 613597
415534 63633
402375 828296
394182 320249
373336 685672
902101 456815
88490 956670
305723 980378
312688 675083
14156 339808
655429 582452
28253 427090
109368 873679
206338 271943
723351 663995
720373 537001
537289 84806
729421 922352
168372 925080
944789 773499
832379 501857
752626 525248
503943 88788
898406 918118
102963 928401
141492 713367
475938 771094
568491 959066
298816 444221
202549 348252
502284 502335
752820 700017
22800 728638
86041 369244
165536 199568
631091 150468
777955 445404
868614 567416
561143 754148
375699 509856
665026 72520
172267 898630
273641 223804
820974 402503
470136 981467
214797 87533
917592 547882
451577 128519
