500
666917 264536
351713 115795
101461 918797
687592 603358
943060 549848
297495 709104
854356 61295
64231 862223
660959 463067
281395 727751
720044 859280
118161 437362
110246 784652
179256 102166
905528 468376
973655 98909
661060 514995
989159 416985
625423 218544
964147 435641
964354 293177
919097 77097
135071 372947
164218 865957
856153 687343
228613 730468
59185 629852
307383 707766
979157 693283
982641 397168
766838 553435
761839 503245
807239 587078
664520 62185
706933 138786
419203 788896
899235 558827
335075 808908
430049 956289
127099 755077
175638 908764
779843 868052
707900 384542
493333 306162
95531 12502
642975 185094
543566 410640
818621 580538
399520 886663
625262 292625
3319 27486
763095 652192
931677 285703
912431 112866
221232 832919
896231 377642
795649 251660
370766 290974
570581 979616
585587 927915
295569 751533
901041 244960
823374 28019
865904 959583
729732 225923
273319 637015
598123 171973
572190 696236
456598 918606
426726 420152
79729 412823
902386 464725
987306 551035
586295 556861
407195 505877
872902 46260
421483 644795
728721 951417
839681 908357
418354 881042
885996 338771
842457 996856
756563 987412
473604 665405
348240 115129
423917 913950
543833 833030
459244 148959
72687 707298
685306 937052
821876 117382
859800 719888
34931 452388
158337 57185
341338 364788
864520 883508
693650 608268
449344 55529
537114 667756
272397 890688
454823 402669
799224 141770
536739 111372
281721 518838
372740 408275
119387 236774
872686 475715
898730 842321
91530 668044
856998 20249
564002 571006
566372 125989
48169 450858
227780 625425
999589 910459
639914 68159
28030 47424
337544 689762
969777 317248
665691 547296
595145 246690
434240 103075
114825 574471
550248 918833
565071 818048
516543 89998
754526 646401
21636 394169
82462 107095
83025 82579
755416 704979
815705 658943
973953 954182
335618 227507
576099 908757
752882 251002
550563 895311
878890 888957
327384 658687
149204 268169
54433 440750
768901 963832
794999 490726
69112 535765
16119 664624
978020 272701
636938 228380
544172 834896
947136 345388
893726 984377
910697 281672
964402 924384
7533 171735
137027 8147
137150 774729
753827 295891
544885 168012
533685 231198
203954 60600
291772 876082
535164 693477
83113 326209
942547 999856
205170 806624
486381 790002
622213 95480
980201 318663
229679 65462
243718 686823
571982 512166
252585 982298
110327 962522
388985 347552
418771 605036
897005 633313
442312 865280
940145 633963
371030 778768
783423 291294
268259 40369
637285 763518
210011 488984
335345 119614
832299 620942
227665 621689
755917 756571
118853 651020
941045 138602
989486 951078
108173 167296
184639 227925
30675 713483
993641 111088
66582 667940
375955 123307
828016 774100
807117 645416
285714 710005
389321 548572
992906 840630
130584 261141
207093 176991
22290 854457
653871 118316
635720 660246
947208 143292
578380 357229
159196 87847
486921 554570
775766 35886
788382 162192
441346 721947
200263 775449
852753 710587
549084 503679
981266 842045
288781 247325
853994 256935
194540 332841
521479 326506
582587 490637
278913 736237
926361 545684
769649 90389
722059 179311
825561 925414
295404 507194
421291 687314
586304 19950
716087 659345
517701 402744
945307 220655
949827 195017
590584 132131
258914 170466
299521 312861
289662 976306
71530 958516
814577 321535
929694 365809
181364 277738
418834 4647
311278 837884
794902 189027
105033 819745
730307 60313
982717 746683
671988 585440
99174 651377
661428 553063
499125 82376
817312 619943
737913 464555
421113 858569
869916 615075
141031 382779
500621 976922
960498 641723
44391 334582
568235 166582
308314 405152
189310 468047
390746 940257
34304 210485
844814 127671
628135 302610
355030 556438
530305 248541
516330 104634
631575 238188
188837 732020
856978 419255
67006 584104
359410 981059
878977 311158
403206 901274
327256 817919
563690 944259
538074 52880
497667 728134
367075 844554
992293 363207
705885 700741
607063 781866
488408 880598
742423 641515
828964 436232
252373 26356
205282 352260
479535 660446
300992 11409
814840 459584
897521 96421
863282 984445
333967 980446
245287 302320
517292 706983
185348 819976
489129 12036
28684 155738
556210 701194
336216 823018
461010 864878
28715 866739
325918 647763
896192 27856
397994 960941
750820 882166
373096 540092
134891 356528
902198 684751
610602 245756
70993 892395
477393 149838
57783 493391
492490 709983
688139 607802
525606 328080
975023 331211
690522 107939
81539 351085
810979 952875
419352 875239
932452 533695
307110 618160
888873 262449
363798 93978
803555 823591
613008 991114
944584 268028
245653 83388
59894 5591
740283 235348
950988 964603
508858 52138
728482 718571
641387 169698
444636 575333
860879 890232
384940 467121
108845 185054
473482 245207
852703 524411
78439 337595
732669 565828
22236 426073
183291 402663
563287 633292
310678 304270
295713 355626
374944 969886
669381 445035
91402 294760
704959 505821
781533 161755
584249 992468
233546 800473
627150 272250
360614 525492
412123 692011
836228 977148
256926 438745
641862 801793
191182 343054
858760 918446
292745 386903
710547 18512
625539 763428
386114 686767
515076 421152
570741 266386
608396 942774
720340 316216
267188 621161
427659 193986
16550 348924
28859 314673
194128 495863
326137 344771
600665 343241
959405 59793
47753 375836
126463 596
135317 834933
36868 186754
232945 634127
868543 152723
359895 774899
49800 563289
180687 249549
629663 277372
976989 607955
139826 787286
663678 862045
579437 880278
597471 48457
643698 267389
956186 980777
542477 261927
45995 421191
996162 604820
846333 327413
492608 650189
561615 496099
846438 283374
797830 126126
80861 773432
197269 456155
296107 244486
73871 651577
858272 217849
785663 487839
352423 399896
909597 903687
414695 34260
935060 53919
833480 429191
596959 386375
33845 987889
874420 807929
708456 530585
658013 866060
893519 166879
253148 822316
49487 634008
959874 33201
384177 497266
194688 810848
328637 566270
847955 251268
420803 244176
544312 792958
153294 322659
295991 836703
317560 197593
123032 747330
218813 309369
473418 745377
202900 691286
322717 475571
447870 303783
211255 68540
84791 947683
136786 992034
638603 730771
790403 241361
665537 197702
302608 188185
743898 156092
9 8351
34678 488892
77360 111437
372512 58441
512511 462723
629557 678835
623148 596742
562611 363988
828287 852629
47379 166884
543442 537597
766515 610965
967529 96724
606885 471186
203503 922926
73510 312172
601469 828775
167265 639377
462355 631283
601131 202943
152137 826177
213982 218177
134129 107025
918903 525013
186892 683278
379741 605793
758166 525561
831324 572266
711032 334446
230108 775973
119303 251488
83628 207435
805030 257576
626160 196292
259393 153245
120623 796521
419861 229488
836301 948797
863247 155002
376369 475323
279155 371144
995194 530628
765601 859450
295845 495353
365258 420024
354664 727672
491603 451938
992666 332117
162203 217039
376266 55986
782610 533449
242445 363495
548748 338898
747453 391244
388309 262719
603675 616601
129576 379216
976912 538804
895643 661137
211557 382959
192607 359666
520986 992761
653515 612009
159620 703285
729668 849915
22486 865977
368337 195324
932523 694916
441124 384527
962926 3462
981276 446395
4238 373814
201497 983492
695419 911066
80121 994488
154382 589373
401345 501753
218216 972486
75630 749956
938865 375437
610300 329605
148935 174113
603476 833259
30492 853405
454565 689670
683004 22743
468122 171950
168556 601275
348272 917049
870804 84712
69017 899238
576244 730374
668498 796508
389616 445982
820743 891356
343551 602887
284379 181508
85592 849814
898888 682842
721407 465981
897787 557443
154288 50789
391941 764772
103180 12186
54971 999765
307724 539985
954136 408665
116685 943718
443615 300704
968154 65669
4748 108531
272152 502467
12937 146329
440111 651687
381328 325988
280328 806919
44420 219405
404653 976422
190611 205925
648514 446038
310012 374804
425629 324239
445394 700645
364942 63231
313298 516038
359073 601492
225860 810661
171747 820679
644419 492968
177164 233495
805182 517228
323143 241755
159377 349171
358035 758307
606448 222608
469157 642526
490433 218720
164534 460018
124999 199039
371976 726036
277643 319172
637595 298710
818088 386187
560856 226366
910161 359436
615623 593472
653062 114495
650830 459991
165933 775967
491560 941033
632208 318541
169332 969677
771709 860874
519014 229265
195020 252317
209511 418078
330908 310872
307768 413098
337152 329455
327224 317299
764219 241204
617676 518852
881310 623510
450854 573700
475029 137463
297210 7429
771725 54724
37184 71812
262007 779743
629886 706774
482204 280354
33395 904815
195142 91545
696396 165807
387699 930518
926527 406557
201031 584083
957282 599384
25081 913414
459612 862283
689076 902138
953143 22314
911949 174741
803859 522232
420279 78392
857398 188880
413339 340390
523125 429771
486476 80907
100969 90446
646614 695845
186555 815269
555153 447089
844375 154191
899458 40030
886906 450102
570518 359197
935078 519172
258854 455794
150633 773232
339069 989594
264579 334295
37097 516222
973535 995017
444821 330127
440586 285017
434141 857583
115653 624941
705847 482127
807982 661544
843103 951100
158658 175960
836277 981087
649707 8097
692212 362903
125734 689634
569875 93304
77191 765428
454737 780786
701429 73539
460238 116899
416223 770954
969236 787442
378012 604160
356965 390274
69320 791628
878144 819805
244798 137992
308085 759797
819665 695894
132834 357105
577343 123651
51721 422962
538089 833783
49624 919770
857834 828104
258600 890697
684624 701523
914711 802938
713203 214284
260349 34566
354208 680065
335416 871570
710452 716901
773230 860424
155808 671520
968774 737384
137379 469990
108715 125595
846614 10418
314258 779841
262725 204257
566232 324820
610036 754648
188547 178454
104753 472550
923508 758665
495904 519675
550086 322168
317294 529458
96567 273908
633734 788429
480610 148499
505957 841606
689982 175433
820636 335921
724908 788573
760682 905418
122383 584299
54283 920524
454653 814260
844501 486469
537208 391541
342124 897292
352563 834511
976397 468664
426049 833031
979582 107376
750723 191112
1879 456510
32659 843632
624273 313542
136243 56106
888084 600289
42092 393813
471716 138967
590758 137753
68416 279133
944854 977289
365395 934283
177401 961735
672648 580708
223810 953215
404915 387932
506697 982569
520794 690073
147753 66581
464387 4750
928532 864236
426374 239842
909626 144816
169118 489458
249340 216860
673624 585419
74543 685920
466973 410462
800584 793751
597424 609067
174792 532350
40248 750932
251696 933172
332439 425490
955081 978050
518528 440792
760728 289492
665560 643957
391168 57030
432912 602
53489 695337
502864 597056
335756 873861
896125 46216
872751 766835
745481 20263
901024 663720
867278 43184
633995 237780
238815 885736
477902 345020
469766 204426
152629 770867
883827 203617
56270 946439
636701 170348
883320 387310
872585 219900
705013 235620
589639 338798
714238 60639
599932 232831
933471 871524
561823 766667
130363 658222
216051 181470
167669 256033
322243 687396
680050 878137
320273 193684
830678 266769
818320 902538
757257 363568
893907 197897
569147 32019
666045 880698
996919 668089
366339 441761
134489 268326
474795 44085
360802 986475
630337 396437
59562 753259
616786 534796
894989 700843
246512 712247
551983 914444
209093 47892
829239 293804
192951 693365
616025 55178
781672 961497
595717 593426
994389 584030
36082 620914
344798 611442
739747 400427
35538 876122
221310 962351
156926 67509
134171 920739
680594 535102
237748 922363
166156 293503
144518 116351
541712 761255
838549 187588
935993 818052
21933 5851
449743 156296
513959 894263
993331 992150
361859 87097
261117 154723
726075 50678
215413 851238
364930 625935
314379 887622
221301 387918
354741 103786
603378 362165
651266 429729
397755 187722
348400 594829
804504 16605
155181 690245
64404 613787
373591 112584
268710 573676
217381 250844
150909 666245
956794 822277
624553 820081
985247 787474
80040 894357
235050 853580
326462 404374
240808 931230
92887 178384
554716 798063
230893 777586
976794 897385
569144 273075
498501 687979
393236 231331
477200 978330
593837 138597
822687 292051
936818 236092
437577 652550
334309 559800
178151 309476
683103 998694
197070 114294
181062 264240
903359 773082
331597 844317
348621 57101
298314 151294
119154 49237
881836 806611
257610 48374
639095 632646
401622 962015
928448 646560
960130 234194
626526 101326
708890 760822
452863 579370
93845 422104
591269 91211
210539 466903
801154 20680
340816 18846
83304 431728
357352 37867
616494 351407
336631 888243
150185 744724
854276 804128
217598 95105
772121 896877
828355 225824
878951 903329
723090 138178
567391 717085
411379 437912
943879 499252
680443 929475
868029 502015
428912 347392
348160 845627
515939 757083
382677 65095
444054 685842
471241 150388
604856 304864
790739 187913
616161 589676
730404 182546
112335 108171
33200 827283
991018 701049
680140 900430
904856 944828
382471 132518
889304 127897
312270 414979
940760 701890
655204 119769
216092 657862
138081 709214
733293 901334
508685 978595
842718 108286
966370 576417
742444 879733
835653 742251
864464 142382
929497 916708
762973 117609
697913 526441
555902 562164
54223 646779
413922 289337
391561 830139
845471 102037
396003 54652
719503 880678
241164 953547
111151 389940
134036 103510
358971 845830
417297 512299
512952 917091
629080 131510
455835 296702
5198 463943
917129 315532
276175 444115
381460 511228
270096 754353
894221 587283
945739 242353
794382 354863
844734 530391
168421 647880
608647 582456
274075 809252
850161 748721
32105 487039
491927 267189
960231 989778
659214 259074
507538 196947
425114 332632
242362 781274
371340 838146
773667 889448
215032 731091
579884 901596
30418 652869
883842 485350
984150 57256
1103 742343
697964 80819
282583 761485
538999 442931
773156 317385
354344 21625
804310 736301
406050 365699
39606 728122
