100
-52183 -6855
-57975 22856
-52061 -45640
-63036 91861
9426 -46232
50133 14628
50854 -21106
-56330 -23402
-28306 7267
-85602 -79126
-79213 -11271
-71968 11393
35376 91472
-12739 -83206
-75773 -55075
8331 -27956
38071 50356
21989 86010
-95285 -13957
4959 -58770
39811 -44909
-17053 -82247
-38926 26617
-5649 32768
60973 -64162
53642 8849
-48344 81674
-79759 87032
73146 -65408
-96175 24462
-20483 12156
23595 -82413
89601 72674
30686 21405
-41284 -64356
62635 25616
-82176 72671
43369 -21102
-713 -62280
38756 87349
-26442 -7603
-3803 25215
-98840 -56472
12246 1395
-21880 -56839
-74144 57637
-17594 -23460
2314 -27993
-50787 60089
20501 7929
95734 -89775
-66456 40647
82896 76914
46635 -17817
41723 -14610
96621 -84720
77787 -80093
-32416 6036
-36565 79831
-92570 41555
50081 60376
-809 59576
-63084 28594
-68418 -13871
-11317 -20827
94059 -88495
-10602 54692
52152 -27707
31605 -1214
54476 -26673
11265 -21814
-84303 -83859
-1907 -16719
22177 61528
90201 29608
-69829 40281
-82928 -43549
-143 -46012
85046 -41472
40118 -26272
37701 -38735
-87678 -72902
-84044 -8437
-73519 -25349
17439 8046
-24933 -71297
86232 -9236
-55156 -15676
1135 67022
72941 -8665
-76282 -96889
58706 -59210
-40437 85652
-5221 -55392
71269 61986
-54575 -63941
-76750 -42253
90247 66296
-23601 -83273
68036 93838
1000
6888 1801
4273 -4616
9181 2863
6255 -8364
-7375 -933
4381 3326
-3949 -1501
4047 -1356
2150 8164
-7255 7784
-9004 5348
5077 2670
-7890 1051
-2138 4834
-4641 4802
-8762 -7754
-3398 9232
1352 -4218
2094 1327
1140 4720
-9607 -4480
1766 165
7740 -467
-7471 3610
-2304 -1005
1393 2413
-1937 -3530
-1197 173
7521 6666
-1272 -3400
5188 3687
2568 -4490
2918 -6081
5013 -1268
5246 -3848
-2828 9360
5393 8939
3246 3132
2192 5775
-3259 9889
-5230 8135
2301 6554
-5396 -5175
-3273 -4155
-4789 9176
2445 -9602
6583 -1267
-371 -500
6373 -5359
-8048 5339
794 -875
4699 -93
1784 1665
-6961 -6025
-2561 3501
-6137 5930
5356 9886
2484 -6320
-1569 -7069
-475 3642
-4173 -4309
7761 -7591
4424 -2611
5630 4518
2030 7582
-144 -3456
427 -5446
6452 -7790
9940 -6789
-3814 1100
-9568 3770
-2971 5789
7376 -6767
9469 -4194
-115 -1006
9448 9433
8406 7208
-4438 6550
-1683 -8809
1067 -9653
-7506 -9077
612 2921
-802 784
5132 -862
3995 -4962
-9763 4428
-7472 987
216 9905
7942 3405
-569 1547
-7602 -1121
980 -5476
-193 6542
-8926 8125
7734 2141
-7808 -6052
6785 2804
6869 -4017
-2691 2000
8842 -8697
-9242 9079
9452 -6713
3786 3388
-3088 1727
-3207 6343
-6726 2912
-1058 4254
7437 -7530
4516 -7769
-5685 5970
8093 228
9918 4878
-3248 6787
-9140 4061
2507 -6578
9086 6987
-7500 8537
-9727 6286
5646 906
1734 -3841
969 5008
9071 -6368
2982 -9773
-3898 -2503
-7542 4138
-6533 -9449
-5635 -6616
5429 1117
-6109 -9991
-4822 6399
-6569 -2016
3385 -348
-3480 7379
-342 -4114
2005 -8609
2045 -7027
6399 4837
-3395 3101
5064 6428
-9402 -8757
565 -2214
-8206 8651
4891 -9057
3489 8783
-5327 -7613
8902 -1896
371 2286
-8524 -9389
3385 1134
-3502 -4611
6247 -7737
-1638 2645
7100 8689
-533 5885
5116 65
7128 -598
-8429 -7358
1773 6462
-6415 -4739
5244 1979
-2352 4145
-6197 8019
151 -4721
8631 -6465
-9867 -1151
2645 6380
1112 -5272
2746 1933
-6584 -7788
-2183 -7748
5998 -1335
5375 7569
1307 -2852
7751 8613
2409 2995
591 -6222
860 4394
-8204 -8989
-6607 -5853
-1733 -6474
2996 -5367
-6373 -5892
-639 6373
6041 2777
-7695 -2422
8750 8303
6243 4125
9592 1270
-5007 7342
3603 -8878
4057 -2086
-5100 -5083
-3972 -3303
-351 -579
844 -8364
6668 -2439
-3731 -9706
1669 5630
-9613 1430
2127 -7308
-7272 4598
-5285 -7309
-1278 -5694
3961 7436
-4631 1284
8558 9426
9198 -6542
-5658 -4775
3876 7712
8367 -1560
9349 8755
6001 -4383
-7230 -2331
-5032 -6843
-7181 -9185
-429 -4453
5413 8007
-1762 -2145
-7687 -4081
-4710 1403
7203 -6152
828 -9880
1027 8892
-4655 -5098
6603 -2568
3342 9672
-3813 -657
-4711 -1043
-9268 3978
5835 -6448
4793 -4595
2820 206
-6588 -8942
8061 -554
698 -2928
-9152 -2099
920 5397
1742 -8054
4288 7088
569 4612
-1760 -6090
4283 4427
6974 -6708
-2896 7707
-9010 -7061
-8742 5784
2065 7799
-290 9198
8857 1491
2364 -445
8563 6933
-8824 3203
2330 2918
8870 338
3726 -562
-5051 -8034
7070 -7047
-9887 4043
-34 -2782
1749 957
157 6728
461 -4058
4527 -9830
-4860 7104
5382 7504
379 7666
4437 1555
868 487
-1806 3459
-9176 -4360
-3383 -505
-2394 -6314
2448 1441
-8550 -7587
8659 3199
7091 2536
3648 -2449
8478 1895
-2279 -2662
2719 -3176
-1437 -6902
-5511 -7001
8374 9078
3486 288
2536 8031
5929 9154
-2475 -6466
-3440 -6307
8696 -1990
-172 7354
-5070 -3082
-111 -7702
4470 2088
4193 -4089
-6854 -3089
2735 1709
3730 7224
4708 2104
6302 1914
-7609 2558
-55 8320
5432 -8810
-4425 -8008
-5116 -5730
2 4712
-4655 8653
-4650 8955
-9050 9820
4763 5143
-4269 7910
-4225 8466
-382 9505
9411 -1953
5329 5712
9961 -8559
-1731 3626
-6519 -2578
4817 2777
-586 -6579
-9232 -6864
-8147 -3887
-8211 -2797
-4933 -7261
744 -6449
-8397 6475
-8540 1099
8661 1078
603 8071
9125 -347
3782 -7194
1094 -4228
6432 4575
3194 4969
-2648 -3672
-7890 1841
-536 -6037
7954 4974
4888 -3259
-8566 -4369
292 -6963
-7895 1752
4136 -5514
-3449 -1541
-7443 -604
-8168 -9941
2202 6647
-448 2355
1222 -3534
1044 -7706
2794 3155
4135 -4021
-9162 5809
-9048 5726
-3730 -3893
-4923 6563
2865 -2818
2035 721
5390 8586
-7099 7947
-2018 -5267
8006 -6096
-8620 -2442
6259 6323
4024 -2697
-7663 -3182
-9543 -9808
6518 -8705
6001 -8810
-9258 -7730
-2702 -4181
-7447 -9838
6723 4589
884 2112
6895 3785
58 -5124
-7762 -1937
-1219 -6382
9342 -1240
-6339 3366
6063 -4002
-6096 -9760
-3810 -5858
-8464 -4089
-4668 -4001
1903 6351
1818 8177
6514 -1460
2765 1118
-5628 3381
-5098 4430
-8023 861
-3786 4479
4480 -4445
-6761 8141
-7359 9302
-2140 266
9543 4050
4408 -5201
-6318 9741
798 9306
6091 -3664
7482 6325
8598 3968
-2558 -7031
-2652 6065
7400 -675
-3074 -2666
-2475 -4874
2889 764
-6734 9252
3786 1126
-483 7049
-1103 -6075
-8153 6300
-2614 6366
5605 -2803
-3577 6807
-6478 -4980
774 4685
-2011 -8158
750 -891
4889 -8604
6443 -7587
-3478 3053
3177 3509
2304 -3038
-5365 -4459
-5989 7253
3187 -421
3552 -9428
-334 2877
1491 6089
-317 5013
-5171 -9543
-303 2818
-3980 -5833
-8073 -9092
-4437 -7910
-6679 2085
5143 -9782
-4406 1167
-2819 3950
-9571 4913
4923 3616
-5509 2195
7910 7878
-4929 -600
7687 8475
-1867 -7485
-7348 7830
5334 -1327
-8003 -9019
-419 1281
-3208 6624
-6634 -4344
6842 2681
6823 -5978
-3370 -9028
-7345 -4727
4589 868
7468 6219
-1255 -3741
-661 -3568
-5267 7472
-1053 -2614
9022 -1999
6059 -5261
2703 -640
6021 9496
-4017 9387
-4849 -7175
2067 -4306
568 -7583
388 3224
-2310 -1303
-5909 -1122
-5085 2836
5137 7975
-7012 9870
5446 1936
-2745 4467
-6343 -2966
-7073 6361
6395 8948
9577 -7623
8334 -1552
-4798 4121
7863 5771
-9742 -1750
2715 1669
6947 6806
-9454 -8139
3362 5683
9836 6351
5552 9002
2007 -3472
7190 5664
3562 -9884
5745 -44
9064 9042
2334 -8883
-2511 -8744
8959 -4648
-9253 9217
3602 3462
4606 4270
3988 5152
6131 -2650
4555 9688
-2579 106
-7591 9428
-9646 9599
8812 3917
-6565 8278
-2407 -3781
7319 -6353
-2664 -1471
-5096 15
3881 -628
2952 1203
-3445 -2443
-4528 -9458
-7292 -4676
-2108 7263
-1268 9034
1090 1141
8461 5165
4461 -9007
2802 7896
9271 -9605
-2164 -9691
-5958 5172
-1162 2667
-1092 -7282
-4240 -8141
7643 2315
-583 -6886
2857 5846
2159 -5530
3109 -9110
-6497 -2081
5753 -4315
-6917 213
-3322 5886
1829 -331
-9999 9665
-22 -2236
8558 8817
-5848 -2535
-4745 -88
-676 -3382
-7774 -7539
3454 8804
8308 -4388
-6727 5137
-3497 498
-6945 -7745
6183 -141
6189 -7140
-535 1738
6250 -534
1403 -3773
-9049 3681
-1236 -4897
-5134 7741
5015 7911
-5642 -9039
-9628 -8468
9765 8680
-2855 -3241
7537 3648
7257 -9409
9624 3439
4171 5812
-9981 -2643
1270 6269
-9457 -7328
-3784 -8506
-9927 4981
-3403 -5061
6442 -4668
-3429 -5480
-3707 -3057
-3947 -221
-657 3198
6538 600
566 3794
1191 3910
-2768 -918
3442 972
6439 -5289
-2760 6983
1105 3456
8477 1178
2157 -1205
9839 -1402
7848 -3591
6840 -2138
7073 -7108
7641 136
9811 7899
-9265 376
1692 5647
-5715 -7356
-1551 7727
3616 -5112
-7563 -9145
-4409 7263
8032 -2212
-1559 189
6583 2000
-7493 4431
-7871 9347
-3987 9202
-7762 -6347
3058 -7952
-8449 7514
6145 6964
6881 -5850
-6672 -4671
-4403 6944
217 1756
-8481 9529
-982 9551
-2683 -8821
3460 -6101
3179 5968
-7950 5308
5314 -1937
8230 7553
5437 1287
-6679 -9292
2521 -6813
7672 -599
-2663 -9001
4731 6656
-8337 -1332
-1589 -6818
-1803 -8851
-3546 9235
-7671 9914
-6867 5508
5881 -1095
4537 4916
-9312 2766
2468 6126
-2226 9510
-9446 -9706
-3583 8227
-304 3755
-7054 -1853
4131 -5390
-9465 -3738
1513 2453
-2589 7967
1687 3461
-8399 8542
-1031 7482
1167 -6495
2397 1855
9992 -1415
1701 -2235
1816 2256
-1940 8233
4203 -8524
5708 7149
3344 -162
-8242 3879
9821 3272
-3668 -2768
4959 -8261
-9308 6560
-9720 3382
7763 1447
-9393 3880
-2977 -9401
-3814 -7556
-1636 8002
4700 6424
9955 -1098
-8380 5663
-3949 4964
-779 1530
-1157 -958
-1478 8896
6274 -6519
-5645 -9314
-9960 -1643
4069 -8477
9804 8397
5404 547
8996 -8411
2992 -2640
-6689 -2309
-2496 -6735
-9686 -875
-7352 86
-5912 1870
-4664 6652
-9089 3859
9268 -9095
7340 -6377
-4688 -8900
1980 -6899
-3655 5504
-8502 -8252
-3949 -9507
-2942 -7237
1574 4090
4175 9079
-8925 4489
-1797 -6276
-1705 6012
5594 3632
2664 -9775
-2510 1931
-5149 -1450
9275 163
3371 1254
6986 9716
479 8484
-4816 6530
-7303 2242
-6987 4272
52 7188
3350 1128
5398 -4727
4852 -6308
-8716 4166
-8956 3948
4391 2255
-400 -7038
-9196 2595
6846 7897
-6151 3831
7612 4328
6035 -7204
4578 8733
8759 7591
6725 -1189
8499 74
9939 3896
5347 8511
-8691 -9649
2676 -7647
4300 787
8330 -2380
3749 9134
-9786 4315
-9250 -2216
-1854 8363
-4168 -2099
-5121 -9591
-3367 -6363
-8280 -2922
6169 -9781
7152 9828
7836 6219
8338 9145
6571 1013
-4781 4591
-4480 -6452
-4069 -7011
-3598 -3855
7305 -2847
7651 -829
-4485 -6518
7072 4115
-2387 -2574
7752 -667
4504 3921
3273 5377
3748 1109
1595 5807
3974 1886
-3181 9193
-3524 6061
-3539 2407
9050 2864
-7727 6354
-9984 -6356
-4476 -748
-2874 -3683
-6634 4739
3743 -5162
-2207 -1754
-7521 -5214
-6378 6228
5895 8939
5755 3590
824 -3706
2782 -8979
-7646 9244
3428 -8596
5828 9422
7758 9565
-6935 -2997
-1184 3913
3320 5903
2372 -2938
-9260 -6115
9029 -6780
-1328 -3628
-6832 -1713
-969 8923
-8124 9855
-4784 8380
-5404 -2429
-8657 8025
2696 7171
-8834 4174
6735 -2047
-8824 -4450
-8135 8217
-4827 7958
-1001 -4087
-8157 -1972
2854 515
8121 6022
8802 872
8665 -9322
726 -6119
9058 5323
5173 -9600
7068 -2132
-8709 -8046
-7959 8026
-93 -3061
-2704 5493
-4845 2469
3451 4155
-7898 9015
-4097 4957
-471 -2256
978 2051
8616 -357
6450 3062
7245 5507
2105 6138
9628 2893
-5995 -5361
4848 -233
-7336 -1525
6706 3681
-2311 -4418
-130 -5140
9737 5694
-6126 -640
650 7124
7104 -4652
-826 5719
8712 -4376
-1220 9677
-5149 -9115
5814 -1800
3778 -6461
2839 2346
3307 9225
-9179 3733
6626 2231
9315 -3504
7091 -7229
-7811 -9036
5852 6560
-8192 2955
-8093 982
-1327 -9381
6606 -8826
-9705 -4822
-7941 9831
3378 9558
-6631 -63
1904 6676
-839 6446
4130 -4213
-1324 7165
6004 -4234
-6343 -8087
451 9509
8473 2259
2464 -9621
-3039 -5143
-5281 -2712
-3969 -1264
2466 1811
-1434 -436
1369 1935
9501 -3007
2332 -1338
-6562 182
8170 2114
-2654 4173
-8400 4724
9807 5772
4233 8279
1751 -3304
-7622 8712
5274 -2902
-280 -8695
9555 -7815
6837 1841
5470 1926
-2504 4971
8919 9828
-2647 -7644
3730 -4478
8191 -8924
-6585 -6489
5800 -6779
9283 3753
-4780 4754
-5831 -2402
7187 9444
8417 -3094
-5531 7971
-908 -8695
-189 -5439
3232 -8972
-6748 5871
-5424 605
8228 8307
9848 -9862
-6897 -3017
-2629 8903
3925 374
6377 9145
-4872 -9455
-3257 -7686
-6291 -4841
-780 -1822
-3149 -7968
3205 -9618
-3406 157
-8590 3567
-3973 -4013
-5828 -2025
-5707 -5981
1835 -2604
4724 9206
19 -1352
-421 -3605
-2207 4707
662 8257
7021 4371
-6585 -38
-7451 3987
1994 9475
4370 -7692
-369 9501
5876 9379
-4513 -9953
-2646 3501
-2213 9189
-9104 -7490
-7886 4637
4880 1693
-5248 -7328
-3600 5414
-5351 -2859
-215 -1936
7103 6055
-4228 -903
9250 -9859
1405 2601
9642 -2720
1979 -1150
1048 -6947
-7650 -7444
-4038 -3032
-1213 -1924
-8396 -6334
9770 77
59 -110
-4509 4708
7031 8997
-3507 4134
8772 2265
-3049 -8259
6127 -7924
4342 9489
3078 -3680
-1662 -5875
-626 4410
402 9057
-8623 9190
-2867 -3298
-3424 -3098
6779 6636
6792 -4010
5064 7543
-5014 -4723
1676 -2522
-8738 -7653
-781 -8891
-5576 -6440
-9402 7502
3602 2657
-4653 -3304
-2934 5750
-4248 2164
