100
-58372 77114
-37339 -55723
93890 61888
86493 36457
-34823 16650
-62293 -17870
77179 -67229
68751 69309
-12724 25814
48615 -36585
17730 -1998
-15310 -29600
-67343 60882
-85630 -7019
-49021 -92754
-64800 -80303
84360 -75050
-36026 78250
86838 -49534
-58205 79104
67116 -20498
-38766 -28616
-60638 -70016
67782 -46273
-17113 16397
17142 -99384
-85602 28921
98106 -52945
-10197 39565
-32875 -32129
46812 2325
-12432 -41740
-45636 51543
-63491 -58799
29098 -94607
47395 -76697
-88016 -91372
-5313 -48654
65702 -37532
5073 75679
78865 49304
3384 20352
-21775 1490
-5503 -4883
68144 -11289
62988 14955
91037 -49444
73216 72490
29188 36814
-86309 -41715
-30703 -11825
-91323 -91630
-3197 3364
-40283 89594
-7078 -8121
65272 98876
-58817 -31344
-53683 -53503
-2765 40814
-31297 -34622
-70476 -68310
7423 47650
-90665 -92273
20140 -34388
-28370 -39080
-49013 -31984
49095 -40336
-23613 72987
-9882 36104
-10331 83040
55072 82031
81915 23344
-49314 55321
69841 -24990
-3866 65633
40388 -47252
97324 74900
27487 33748
82627 74716
99361 81347
62725 -49653
-50638 -61092
10011 25749
-88106 27218
88942 -71347
10257 44014
-89317 -80739
-32643 88459
74582 64288
-36532 97806
29920 30945
77643 -45668
-67066 5129
15170 42650
-93066 14530
23996 69659
-8034 448
-91433 29066
-73804 47551
-43716 -84862
1000
-5678 962
9299 -5270
2094 8956
-422 -1186
-6902 -3527
-4536 -7771
5743 2569
-4795 1963
7130 -781
8812 -2451
-5038 69
6428 -6240
-1963 2140
-8885 -6612
-1712 -6582
-3153 2611
4380 -134
-8939 -3526
2543 640
9009 5641
-9167 -5528
-8410 6576
-9239 -3204
2259 7891
6015 4792
-839 -9023
-5140 -4412
-1542 6618
-8552 3294
-9995 -264
6712 574
-7654 1092
-9561 -2871
7566 6703
7769 6574
2344 -7678
-5234 7655
-7381 -752
-5550 4878
859 -5814
-331 -9981
-1116 8250
-672 7342
4867 776
636 8594
-5767 1068
-833 300
-7841 3327
7429 -6555
30 8918
-6261 -3906
-8760 -1495
-6252 -6141
7753 1920
8737 2333
6106 2127
2352 -1290
4097 -4599
-228 2685
9898 -5872
1278 -5870
5197 -9556
4431 7356
7492 1859
-9199 -2479
777 -5460
3615 5738
6767 -8916
9597 8240
3004 -7947
572 2830
7901 -3355
-8461 1998
2046 1311
-1597 1943
9161 9681
9795 4357
-6155 4225
5433 -8664
-196 9955
2579 -9420
-5505 -3807
-9962 -5018
-2723 9635
-3058 -9720
-4591 -8765
3110 -6691
-2120 8370
9028 -6354
3402 -2570
9310 2562
831 9104
639 8397
7049 -3929
-6546 -3147
-3974 6033
1154 4242
-7775 1193
-7056 3224
827 -114
7225 6236
1121 4056
-6734 -7279
6146 -7707
88 -453
3445 -602
-4171 -5725
2222 6468
-7328 -729
-3740 -3874
9845 2286
-4121 998
248 -1896
-7810 3192
-4952 3018
-3202 -4006
2974 -8360
-9951 6240
-5639 6195
-7746 8171
-537 5699
1289 5292
9974 -6490
1760 -3634
6502 8020
6213 6346
4026 -7909
1065 -5727
3917 3255
-8815 -7315
-7 -2017
-1321 -3312
-377 2449
-3352 7706
-1356 -1098
5876 -8173
-5400 -2836
7119 -1705
4395 2599
8382 4618
4339 4595
4684 -1636
-9594 -4252
6358 4323
9004 7543
7009 2717
-753 -592
9405 -7410
-8143 -3947
-9705 4222
4955 9892
6049 -6724
776 3167
5292 -4829
-513 3673
9789 -6175
1988 8193
5911 6116
-6059 5989
438 -3335
7253 1167
9382 -3501
-5704 -7493
2810 -3847
-1440 3106
-9626 -2765
6718 6423
4232 -2506
3310 3244
2665 -3483
-3083 6174
4064 -7375
4366 -26
8741 -7973
-4038 2900
-1308 -3065
-2213 1795
7155 2083
4302 -35
-8044 -3418
-6930 -7670
3817 9788
-7527 1770
1002 9505
-4987 -6334
-3979 5651
-6440 -9916
8277 7927
3779 -9263
-6326 -6538
7358 2367
397 -1134
-5839 -2448
-9052 -7817
7517 -7095
-1235 -5693
-1044 -3698
-2185 5151
8072 8818
4655 -6915
-3796 -5604
8736 -235
-1798 -9268
1412 -8020
-4809 5086
-4558 -3731
1173 9561
5135 5334
833 9805
7517 -1651
-3570 2
6377 5386
6305 -5809
536 4376
-3271 -1089
-8819 2934
7029 -6362
-7302 -4770
-5630 7831
931 3282
2916 -9906
9552 -5911
9655 4686
-6857 487
4490 -5619
-7444 -9081
4383 8933
-9974 687
-3156 4283
-1216 3574
-3085 -35
228 -6057
3603 6647
-827 -8306
4477 -9897
8697 1113
-9803 8248
5202 -6428
6655 -7934
4059 4865
-3553 6615
5785 -5450
9268 9532
8959 -3888
3814 -2258
-6594 -9272
-8573 3634
-5329 8752
280 7565
-5834 -5244
-8611 -7138
5869 -8414
-8890 4792
-4841 -8515
-9422 -7062
6350 -2975
-6726 5855
5296 -7459
5386 4254
2374 -800
-4284 9501
3649 865
3134 -7959
-384 -2866
9606 3782
5611 -5285
6644 5201
-3698 -8526
-8 5182
-7041 570
-8160 -6970
-8685 -4886
8885 -9669
1377 4271
8307 -2529
-2809 -5978
-3028 -9161
8608 -9895
-3399 -1777
961 -72
-4275 -3429
4643 -3910
-8229 -5335
1285 1763
9847 7966
-3947 -4592
-9005 1089
522 9880
1421 -4381
4150 3448
3091 -8660
7470 -6217
-4099 9799
-2391 6223
-1979 8570
-3850 7468
-4859 -5486
-2722 -3088
-821 8563
-7604 2747
6528 2170
8155 7523
-6741 2397
7403 8401
8017 1552
1848 4828
6614 3038
8611 -3765
2836 -3781
-7543 -5422
-5211 2329
-4234 -70
6843 3044
-9438 -3979
1606 -7042
8768 -1866
5129 6922
-4344 -7892
-681 -3221
-5771 1056
-7948 6077
-4117 8666
2835 -1786
-1379 -608
4433 1078
7691 -7058
-2873 -6544
6593 -6031
6500 7156
3712 1826
-6166 6200
9960 -7317
3122 -663
-5209 -3839
9837 -980
-9063 -8112
-1183 -3180
-9447 -4627
8755 2895
4765 6908
-2306 2455
9851 4821
9632 -9837
-7489 6131
-8961 6223
-2044 -5126
2422 1637
-2443 -736
-5306 6070
9146 -5470
-1190 -9918
-3581 -8652
623 693
442 -623
-6412 -1073
-3715 5003
-8619 -144
-177 -5267
3740 2334
-5416 4780
2277 2540
-6626 -1580
-2103 4652
7684 6312
721 6830
-9158 -6748
-9368 982
-1679 4977
-8326 8763
-5647 -1017
-2311 4359
-6015 2791
-2065 7530
7524 -8325
3584 -7893
-9825 -4139
8368 -6451
4281 -3735
8201 5685
-3703 2643
6235 -2861
9616 6868
8121 -2064
1844 -6484
-3302 9918
2499 4387
7998 -9795
-2823 -4068
7735 -1579
1328 1318
528 1503
7179 2616
8773 5180
-7399 -9306
865 -1101
7058 -2901
6038 6673
-2313 7880
-5392 -6749
-8605 5027
-6831 3894
3134 -5113
7820 -9690
4540 5554
2452 -411
-3128 -7021
-5188 -2229
5595 -6415
-3328 8197
-5721 -8743
-2905 -4943
2077 -3147
-8271 9765
-5268 58
-6985 -3873
-4916 -95
-6258 8218
8513 -8439
-7752 3053
-9164 4700
-7359 1429
-8601 -2547
-7080 -9286
4759 -408
8911 -7242
849 -274
-2185 -7074
6580 -456
-3589 -4968
9602 3147
1160 -1594
-3227 8623
-3377 -4715
-6096 -1129
8338 -5260
-2709 -5301
6169 -1310
2153 9090
-595 -3089
2402 2036
-330 -6749
-4517 -8795
-102 -4217
750 6309
815 4072
3176 -4305
-7522 9949
-5683 2822
-4766 -1778
-4586 -6429
6683 2705
-1729 2852
-4884 -5856
1941 8242
4776 -5658
277 -1834
1314 9481
-628 -5068
-4737 -9879
-5039 6079
7914 8138
-4506 -9609
8086 3533
3214 -6681
-4525 -7652
612 -7843
5053 -7397
5009 -6111
-3253 670
-7870 -4757
8734 6129
3410 3768
5609 -7219
8701 -9128
-3377 -6339
-9329 -1743
-8202 -3835
2370 -6395
9698 -696
-3076 -4828
1652 -8744
-2670 -3296
-6141 -3941
4315 4327
6730 6445
-6709 9184
2573 6701
2951 -1818
-6798 1651
-946 3546
9034 -275
-8198 -5448
9611 4172
-1843 9309
-6525 8803
-1799 8848
-6221 5531
-4448 1360
-4689 9867
-593 -7960
-9969 2698
-5056 2605
3119 7895
-5493 6321
3267 3561
3587 6021
-2994 9111
-9428 -3384
7003 2451
-355 -5801
4974 7847
-6954 -7527
7098 2319
3833 -7592
5906 -6760
-1831 5938
5938 3113
2263 -943
4729 6770
-902 -2005
4051 -7315
-5985 -8944
-8205 -1692
1393 -7482
-5521 -5241
-3283 9453
-3674 -236
-8074 -6577
-7918 9480
-447 7989
-7281 -8558
3926 8658
4556 -3812
1435 -716
-3322 -9468
-9001 -9272
-3062 -1265
-4495 2454
7043 -9382
4973 -8478
-4623 -8311
-5305 1703
5174 342
8848 7257
-178 2121
5245 6262
3563 2891
8640 1839
-7201 74
-5157 -523
607 -4158
3926 -8735
4577 9431
3720 5341
-9952 -1308
-9417 -4574
4102 -1001
-9151 -724
9342 -6583
-3468 2884
5538 -4503
2866 -899
-7892 1506
-9061 -5093
-8421 -496
8105 5907
5346 2030
7173 3644
5181 4613
-1016 5229
-6696 -433
-5625 7406
8566 -4775
402 -8373
2363 6934
8232 -2099
-3849 1098
-9278 -1741
-7397 -4618
6887 -2097
4886 8712
-6190 232
4462 -5297
-2404 -358
9316 6580
-5129 -7381
-133 2967
-6255 2153
-8088 7869
3781 4276
4802 5733
-7824 -5326
-3170 -3381
6654 -567
2001 3541
7337 -3113
5973 -5133
-9161 435
-430 2156
-9924 2606
-1265 -1332
8946 -7678
-8365 -7310
4475 -6453
-5721 1976
-8457 9082
-2291 -6281
-2524 8260
4059 -5871
-2307 -3940
-8610 -1250
6668 7364
7338 -8773
1519 -3093
3383 5316
9513 -4162
-6016 8458
-1840 -660
-5132 -3645
6608 -852
8332 8152
1950 -239
-4409 -6854
-1980 -6629
-2725 9434
-569 2387
1904 -181
3471 -759
1046 -5011
6148 -1851
-9696 9381
3987 -1991
-8442 -4133
-8931 148
2222 -8602
-6984 4274
-6730 8687
-2245 -1139
-8168 9497
5953 2828
8930 -4617
-1065 834
8923 -7595
-9926 -32
1115 9944
-8163 5141
-6956 5824
-6851 -1676
-4589 -2060
-7808 -8646
-662 -4792
9349 2608
-2385 -2896
-4811 3168
-3400 -8858
-284 -750
246 8652
-9917 -831
-5223 -6121
-7143 5893
-2457 -5305
1033 4308
-5761 7903
-7369 -349
-437 -5177
4726 8901
3752 4074
5229 -4913
-5102 -9582
-8025 1498
-4719 1692
-5531 5527
4064 -1727
-1584 8841
5873 1274
8454 -6585
5969 -514
7724 -9793
1110 -5925
3579 -9328
2620 -1696
-6706 92
-3901 8523
5180 997
-7339 -9125
-3784 -2058
2567 685
-2810 -3370
-7322 5606
-808 8552
-3121 -2355
-8034 -3432
-9148 -6590
-3224 1962
1207 -5925
6355 -6174
6101 9649
7639 -7801
-8108 6539
6917 -5447
7415 -6868
6217 -19
7538 -6594
-9668 -9784
-7268 -476
8768 -388
7169 -5546
6180 8021
-2135 -3324
3703 -7208
4473 58
-3382 573
3427 -5744
6493 5319
-9205 3409
9873 -8070
6542 9810
1911 4079
-3064 2243
8016 -332
-8234 6783
-7000 -7344
-8763 9181
-9324 2823
-423 8101
5615 -2230
-1842 -4047
8343 -8416
3930 8556
-9376 8446
1965 -5783
-9625 -1494
-5974 2287
-3695 962
-1750 -5679
-9371 3738
-5176 -6370
-9886 -3939
-3469 -9210
-7396 9829
8891 -8061
-2401 769
-2108 -338
6075 -8178
-1782 6699
-6012 -9818
-5364 -5636
2409 -1338
-9629 -7566
-6656 2342
476 -2306
-200 5301
5045 -86
-4918 -8425
705 -2313
-4875 3316
-374 6445
-2194 -8761
-3894 -6120
-3218 8045
-5701 770
8227 -1065
8855 4356
-8683 9226
6791 -5339
5289 987
2355 -4912
-3713 -2600
5003 1370
2696 -572
-7223 -8459
-3536 6124
7986 4270
7363 -2187
-8130 -2135
-4143 -110
8636 -2195
8825 -8790
-7840 -6138
-9564 -7329
-1477 9446
3659 -5401
-5467 9946
5720 9536
5036 2136
2684 7813
3678 9149
3937 5384
3418 5020
-6804 9010
-7115 2775
-1101 -4759
-9421 1445
-3549 -7261
5307 608
-4589 -2449
53 -7210
5871 4587
-7265 1590
7843 -8508
-2554 527
9305 -5156
3396 6962
-9772 -3187
5703 -2855
-4178 8588
9920 4722
-6172 -9502
-113 4000
-3041 -4807
-5392 6091
2744 4661
8881 -1386
2968 -4664
-6076 4532
-3172 1371
-1221 -146
9936 -7826
-3185 -9837
2708 -7483
1030 -7749
-5175 4670
6973 2374
5169 -3141
-3626 -4152
5773 4703
-8062 -1483
-637 -9182
-9149 -3948
-3846 -5224
-5696 2983
9868 3083
-7164 9803
8978 3372
-6313 1685
9611 8438
3936 -1844
3107 4629
-9470 1996
-4792 625
7844 -9019
-4673 9782
3219 8411
-5680 7791
-5538 475
-3713 2487
-2822 -3846
-710 3735
-322 -1733
827 7086
-6327 437
5523 7609
8594 2350
5959 -7156
-1933 -5113
3469 -4090
-4132 8796
-587 -7193
-9074 3733
-9402 -4611
-2072 606
7876 8827
-9519 887
6282 159
9154 -2891
965 -7174
-8734 208
-5844 -6420
-7443 -9886
-3576 624
-4999 -6387
-9745 4591
-3871 3389
-8882 -2944
842 -4563
2445 -7509
6044 4041
-8683 6525
-5073 7600
404 -2198
-1571 -8632
628 -305
1576 8505
3276 7854
-7661 9700
2199 1062
-6687 2454
-4348 3163
-437 491
-9782 -9596
5929 6384
-7105 5693
425 -2066
5938 9073
-4467 -3659
595 3962
1430 -5056
-2623 -3274
-6552 -9348
-5421 -4212
-5927 -9502
6850 1107
2952 -3778
-5731 -3765
-9567 -5512
-3360 -9918
-9129 -465
5775 5017
7469 5433
7811 -3278
-8227 -1595
-5596 6924
3349 1782
-6351 -9482
6155 -1771
-3694 -9773
2448 -3124
1334 -879
6819 9325
5356 7252
-6188 -8005
7335 -1596
5252 6830
-6579 2720
2263 -8769
-6837 7757
3357 -2433
4681 -3294
-6931 -7950
945 9225
4000 -9029
-6828 -3552
-2153 8228
5569 -1614
7552 924
-642 -4916
2920 413
3488 -1829
-2757 6909
-5389 -6774
-8140 1495
-5297 5218
-7217 -6896
-4356 -4148
-4845 -9691
-1203 9155
-8720 5691
-677 -873
3918 -5109
-8767 5190
5816 591
-9727 2456
-8996 7482
-5653 1968
8112 2679
8915 9972
-5826 -6383
8910 -3043
443 -1726
6530 9319
-1417 -952
-7807 3584
-5262 1517
-3569 8656
6408 -2336
7566 2223
8256 -8441
-1601 -7020
9041 2746
4948 7152
-4575 3862
-9156 -401
-8801 -6526
-9724 5363
5470 6806
4681 -2227
-4147 6875
-8643 4312
-1609 -2212
6688 -1481
9174 4253
-5537 7429
5812 2862
-5871 8574
-4392 9077
5725 1033
6659 -9711
-5648 -8422
-6236 -1651
6942 -7046
-4846 5343
727 4729
5938 5805
-960 -5672
-6407 -4272
6569 -3513
9981 -8969
-6085 9514
3893 -1956
8087 9501
