100
42411 6078
77643 -13011
11082 -65422
-44759 -80325
-13465 48935
-90093 31358
-69473 55827
55043 -60711
-93410 -18368
33018 -33441
-88637 82234
-29732 68835
56059 -1319
32453 96612
-33947 61787
67456 -91536
-32136 45098
-4547 78947
79677 50695
98622 93301
-73282 35618
24658 84335
-8556 -93211
-76376 -74876
-11579 -16269
-81228 -216
-34036 -10960
95709 49112
87722 -44750
45723 80864
-82963 13179
89328 -15099
85366 -88130
90937 65042
-10346 16647
-14569 16372
-47735 -89912
-72204 -29202
43968 -48580
-4078 -67612
35151 14695
-40738 28204
30824 82060
-95596 18545
-62691 -22783
-591 -45654
90396 -84175
-33663 75761
-72305 -42727
-32108 17349
1010 53323
60811 53275
-9499 88607
51162 -65532
67116 74174
93946 -70645
-84043 80297
57559 46781
62356 -10948
92416 26755
66269 -81087
8190 56664
-65262 74527
-40486 -37566
58890 -45505
6872 -40101
34907 -32318
40263 -74593
-43712 -8576
86965 -76597
-34403 80911
79848 -18446
61207 -35505
55425 -49348
53548 47840
4496 19816
66753 -87315
-96431 -98510
87213 90173
91014 46102
-55333 -2114
-94000 79574
-7343 -26648
32071 48946
64776 19035
-562 57463
-72966 -93625
66106 15331
-29130 21530
65983 -75583
-30631 97568
44234 63211
-89748 47803
64702 24554
37975 -17196
-29345 9731
7779 -96256
-83607 -99564
-22904 48464
-23529 68962
1000
1700 9238
-7557 681
-5252 2418
-1233 -531
-4748 -3576
5085 8020
4776 -5954
8213 -6226
7746 1484
1268 8742
396 -636
-9702 7407
-4625 665
5836 -133
5592 -9450
-853 1012
9788 5311
-4586 -1743
-2272 4181
7726 2980
-9395 6531
4721 5381
-9423 2933
-7125 -7957
-5584 7865
-9215 8533
949 -5196
5939 6324
9190 5495
-89 4782
6045 9058
-486 9554
8089 4928
-2190 -4183
2830 -744
8797 3435
-4214 7238
2536 84
3891 9133
2128 8307
6997 6634
6840 -2055
-8563 6499
-2011 -9373
1994 7901
9130 1759
-9322 2364
1312 8768
-2708 -7158
-1695 -9879
2098 822
7277 -8395
-1940 3533
1689 -8050
2665 -2463
-6022 -339
-2109 -5462
-8674 3050
-8964 -684
3677 6751
937 6527
-1490 5336
-1110 -6458
7824 9903
-3615 -3872
-6256 8483
6951 -8980
-6192 -1269
8275 9219
4402 939
-3245 8380
-5679 8368
-3362 -632
1417 1396
8684 -1186
-1854 3341
-4660 -9624
2398 7951
-6081 3942
7854 304
-9930 -8403
2507 -9259
-3661 6316
3193 -5387
5534 -2406
5552 -3991
-305 -6407
-5624 -9947
2962 9514
1449 5366
-1673 9596
2428 3667
-6308 -5175
1618 -2389
-7513 3192
-8365 -7443
4789 7864
-2981 -8873
4179 -6068
-4260 3433
5248 -4987
-6838 -5058
2327 1260
-5005 -4712
773 -9835
-5625 9101
-6519 6803
6488 -2827
-4652 1826
8506 -2165
-4983 -9860
4114 9807
8004 -5147
-9067 5903
2507 395
-665 -2246
5408 6219
6417 1455
-2522 -4868
6744 8251
-4703 -5161
-8929 -1222
-8359 7560
5952 710
-615 8178
-7735 4403
8318 -9901
4209 -9958
-1326 8863
5945 -8820
2978 -999
-1066 2106
-1060 -4650
-6439 6418
482 -9696
8389 9501
-1136 9461
-1722 4226
7020 -2050
-5065 125
-3873 921
-5473 -1834
4742 -7544
1929 -6585
-4960 -2127
-5405 8018
-9406 7250
3845 -466
-3680 7406
-328 6802
-8570 -1939
-9978 294
-2479 2022
-5481 -1739
9972 3175
-7894 -180
-5905 355
7986 8837
2811 3635
-4028 -8429
-8493 567
-6690 -4177
1537 7155
9078 7857
4560 2471
8380 9711
-9469 8402
4 1773
423 4523
-6246 4116
-2303 -4140
-6065 5513
6215 -4359
8071 2747
9276 -5958
8039 -5497
8331 -8652
4047 -133
-7777 6846
-2276 6783
-684 -3897
-9787 3568
-1775 217
-4660 8649
-1540 2815
2764 6157
-7605 -9581
5391 8611
-219 3461
5078 -944
7503 3116
7280 9554
8186 1327
-579 -9592
1893 7145
-9088 -8792
-3032 -8875
4776 5193
1343 -6164
7562 9803
-9629 4046
9681 -7234
4465 8792
-4903 -5755
2252 -6105
7022 3475
7012 8023
6750 8918
3070 -3830
9326 -5038
-2965 -9763
-3830 7724
-4916 -5334
2916 6427
2223 4199
9950 2594
-1756 -6650
9081 -3570
-4138 -5822
4396 -8166
-1927 5139
9031 -1195
3161 5780
-2278 -3770
-8051 769
1192 2705
4727 -8918
428 9811
-4252 -2936
9958 7971
-8738 -6372
4285 3228
699 3365
9658 6562
-8737 7774
8396 -663
2912 7426
-8138 -207
6926 3306
6023 8875
-5926 935
1579 8801
2017 -4273
8612 -8515
2792 -7711
-6824 4054
-4083 7461
1002 6617
826 4380
3178 2089
2154 5294
-4854 -1214
6441 730
8580 3366
-5965 4602
5962 1830
-742 -2460
630 -8726
6989 2962
-7240 -220
8973 -4064
-2446 -5111
-2882 8557
-8495 -8336
2936 8404
7474 -1190
7419 -7380
7597 3859
7071 6176
-2776 -8895
4498 -6815
6656 -6245
4447 -2715
-1249 1435
-6032 1511
-5065 -7060
-8833 2489
1550 2006
4766 6777
3670 1423
5180 1144
-9768 6319
7485 -8451
177 4555
7725 -8878
9381 5944
-5693 6036
9699 -7526
-2959 -1551
3909 4730
-6320 -7436
7670 -1431
5054 2941
-5705 3540
-283 7966
-1317 -1383
2830 -1084
-5064 314
465 5113
-1411 1911
6235 -2031
-2146 -5737
-2275 1273
-3263 4766
-6557 -5633
-504 844
-3069 886
9413 -4295
-6174 -6292
-7034 7264
-4606 1649
-4119 8224
-5715 817
2258 4751
-350 -9154
382 -4115
2536 -8044
3869 -9740
6950 -9395
8747 -9608
-1307 1963
1237 5625
-7151 4370
-4950 396
-8202 -1984
1381 -2808
9666 7262
-864 -6050
1799 -8607
-7579 -8552
-7761 6524
1054 8496
-7800 -5078
8756 9151
-751 -8777
9543 7942
3186 4500
7287 9756
-1130 -7663
3873 668
4074 -4747
-8419 7460
-3765 717
-4869 -8246
2111 1273
-6798 8071
-2203 7978
6567 -3
-3380 9043
2868 5869
-6014 2411
7532 7173
-3090 4818
6928 9501
-9125 4521
169 8671
-6506 1750
9851 -271
-3813 -5019
1483 -7982
6255 8407
-9911 -2228
6384 -9624
-8511 -3276
-6861 4358
-7407 -2874
489 -6155
-5702 7399
-7617 -5054
6900 -3020
-6812 789
-4350 -3318
-3741 -779
6412 2446
4203 1615
8186 4178
21 8275
-4330 125
-7629 -2841
6850 -4490
-4763 -6837
6357 5726
-2992 -5625
6846 3112
3043 7466
-9909 6231
1975 -538
-7088 8234
8684 -6956
4400 6607
4660 2585
784 -1599
4580 6454
8527 6951
-2667 9097
-3818 6292
-7741 -7462
2017 2988
635 2583
-180 -6323
48 3633
9908 -7978
-6906 -3460
-6024 -4502
-415 -7903
-7896 -2035
4682 6609
6366 2983
6783 8613
-67 -2163
7709 9836
-5872 -6312
-3905 6145
-9604 6730
2449 217
-9594 -7504
-6151 -5966
-1760 -3057
574 2216
6163 -6121
4313 -8013
1844 2716
8597 -1790
-4302 9100
-3178 9352
-3064 -1748
9188 1064
1940 -4718
930 2337
-4268 -6622
-7447 -141
-405 -3598
3893 7835
7066 -1813
3772 6949
5788 1805
8937 -2369
-5480 7533
9562 3939
6632 105
3291 -2711
8357 6199
8353 4017
-4799 3003
-3647 933
6381 2627
-9209 -303
-7251 8405
-2469 9816
312 -4977
-9516 -3901
6829 9421
7452 -8652
-9327 -9267
5288 -8974
838 2299
-1685 2915
-1503 388
-3068 3698
-6609 7006
-1649 -6508
-367 2863
3189 2382
1267 -5559
5918 -4701
-536 6403
5120 -3708
5823 2571
1362 6497
3304 -3351
7523 -2137
-7332 -442
-5502 1165
9946 1430
-1417 -6664
2157 6934
550 -8211
-204 -2541
4171 -5217
1900 3810
3803 -8636
212 -1078
1377 -245
-4787 -7262
-3749 -7762
3108 -2506
101 5776
-9228 8320
661 -9282
-250 9244
-2225 -4373
9898 8325
-2584 3414
-495 -4693
8197 -8596
9117 2000
-3511 3049
-5358 7867
-7196 -144
-5675 2776
2094 7434
-6009 -4085
6930 -5237
-5766 -2409
-4519 7705
555 6978
-6669 453
9023 747
-6134 -1473
6055 -4216
-68 8892
-8496 -9859
1941 -3854
8008 4745
6002 -7667
-2480 -1905
-6513 1511
7731 -9584
9996 -8035
1728 -4524
9670 -3996
-3826 -6999
6457 -4803
3748 -5957
3724 3523
-173 -2624
6136 5052
-2482 -1924
-8802 -754
-3459 -9080
5300 7782
2737 8787
3014 467
-7076 3009
2432 8373
-7795 2102
-5624 -1620
5103 -5447
3577 2571
-1403 1021
-185 -7856
8398 -4050
7197 -364
7747 -7885
8882 -5713
-6965 4182
-7932 5772
6689 5082
-3761 9613
1811 8671
-8294 4017
4493 -3918
-3883 -405
636 9694
-4113 -7047
4435 5702
-4903 2832
-8349 -3986
-3812 9398
-1871 -4930
-6316 4886
9252 -527
657 5940
-1724 -9384
9274 -9914
-6992 -9021
7824 7501
782 -6060
817 -8583
-2646 6704
-1909 -8211
2405 6910
8342 4056
-7077 -5470
3453 4774
-400 -9143
-341 2572
330 -5964
2232 -7674
-5347 1505
-7587 -2339
2484 -6043
-4839 -3013
-2102 9699
-1596 5252
6402 6496
-9239 -1194
7126 -7176
-7139 -9952
-2646 -9966
8543 -9326
-5388 -1799
6967 8664
5959 -802
-9011 -9389
-9297 -2877
-1728 6908
1081 7154
-6106 -7301
-9427 6020
-8329 6975
6236 -7567
-4219 3361
-4743 2363
7130 6332
6119 5673
-9274 -9270
-2406 7693
9394 -6448
-3110 -5896
-2116 1314
1227 9877
1943 -3972
7031 9558
-1273 7604
5577 399
8299 5533
6553 -5921
-1107 -4470
-9837 -256
-8139 -9998
-863 -7413
-9268 6731
-6000 -6153
-5996 890
-2049 1888
-4075 9178
1765 7868
-4794 2516
7425 3933
3840 6723
-1948 2138
2255 -5396
9939 -5131
134 -6178
4613 5716
-6176 -6251
-7977 -5444
-5800 -3977
2124 1925
6914 -9926
-6187 -7162
-7027 9299
-5574 -1821
1814 -8150
-4168 -626
8573 7606
-8489 828
-7791 -4830
5697 6065
-1008 4030
5501 2816
-8501 7525
-8907 -4301
-6453 3217
7625 -5819
7013 -4842
740 9986
-5544 5166
-1836 9991
7017 7717
-636 9310
5322 875
137 -8748
9767 -446
-8963 -1242
-2696 6538
-4705 -1197
4062 109
8224 -8670
-6675 9569
-4489 -5942
-1553 6252
-5957 2903
1417 5928
6614 2154
3645 -4023
1464 2687
-9428 -4679
3939 -9662
8597 4976
2818 -4100
1514 8113
8425 -704
-1779 -9632
626 5267
9937 6138
9326 -1617
6110 -6632
-4994 1247
9297 -8381
-2878 6662
-2404 -7694
-652 -1832
-2373 -6713
2228 -56
-8017 -4955
9566 7218
-6843 -8290
-3486 5099
-7922 7140
4086 -7986
6998 3411
4118 3107
-9500 9124
-5646 -6483
-9258 5197
-9822 2059
7503 3247
-6053 -4871
6534 6175
8795 -7762
-5060 8360
9456 1818
-6210 -4031
-3084 -4132
-3170 -8998
1603 -6173
8134 -4280
-9345 8634
-5157 -1270
-7850 -694
-6074 -3951
-4915 -8572
9297 -968
278 9551
-1072 -928
-8212 3868
1152 -5035
-4314 4942
934 6323
-5470 -8516
-8955 6133
-4688 9180
-8148 -4033
7813 416
4697 -6316
-6558 -7657
-267 -1473
-6229 2750
-8720 4049
2301 208
-3158 4089
-2204 7994
9054 3482
6657 3709
3526 -8814
5193 4571
7320 -5775
3750 -7108
3913 5284
3309 -1391
8968 6751
952 2421
-1001 8444
-4829 279
2493 7472
-5793 9335
5281 2003
-8952 8056
-794 -8575
5485 -7269
-7388 4398
7302 -6348
8624 4773
-3456 2536
56 -6427
-5134 2744
-9676 9539
-1115 3044
7983 4056
-6678 4196
5248 -2471
7251 4250
9532 -7981
6026 -1263
-6555 1510
5189 -222
-4093 6212
7151 -1749
984 -6306
-9213 -5240
989 -626
7504 5034
-1088 109
-1923 615
-5835 1399
-1469 -6867
8928 -4219
7383 -7821
-2199 7129
4638 4967
-1362 3547
-1535 8267
-242 -4385
-3483 -9259
3030 1025
-778 -5982
-5881 446
9052 6753
-9445 -2872
-2633 -5280
8527 5899
1574 -8826
-4600 2678
-2925 6922
-194 -4567
1888 8445
8980 -9648
-9569 -1262
-312 -3052
3200 -7282
-8306 -7578
-3264 -4187
2868 -491
-7435 7144
6637 3654
-8137 8885
3273 7159
-6221 8673
-164 4575
5595 9642
-9993 1203
-8194 8988
5277 -7763
1446 -5036
2907 -1634
-2318 4601
788 8140
-5866 -2623
1369 -3300
-5480 1726
-9647 105
610 7347
984 8111
6019 -9181
6406 5334
-9540 6414
258 -4012
9122 -4466
-1775 567
498 -8869
-7347 -8099
9453 7163
-6239 -6413
-1740 5130
4008 2780
-3145 8082
-3395 -8814
5428 7589
-6983 1446
-7872 9423
501 -3690
9557 -9242
2298 8678
-3708 -5757
2965 -9490
-4625 5619
-3868 -1452
6502 -107
2135 -5239
-1257 -3858
-8739 9320
-5777 -2133
-5774 9651
-824 964
4818 5026
4107 -4682
-8665 3664
-203 3633
6062 9810
7876 -973
-9681 -3029
-1634 173
9241 -5133
-9935 1375
-372 2530
-8762 889
5570 -818
-7524 -6484
2554 5374
4480 1092
399 -1414
-9870 1734
-7751 -73
-913 8312
-264 683
1059 3776
-8625 -6855
-6052 -9385
1733 -2265
5711 -4919
-9736 -9331
9691 9555
3573 -4112
-6930 -3874
-8739 7550
7218 5381
-3865 7348
-2886 2106
995 9922
4138 -9270
4325 -1083
4506 5700
2062 8455
-9965 -2485
-3811 9468
2596 174
-9864 2286
-272 3709
8174 6519
-6445 -6845
4068 -9228
8536 -6077
-8160 -630
9750 2835
-709 3887
7286 -6384
-7197 5513
-6964 8586
7688 -6928
-3900 -2403
-7461 8696
7771 -3604
4703 1219
-9895 6597
-2263 -6340
9753 -4475
-1846 -7992
3169 3715
1379 6640
271 -5610
4247 -2444
-1994 -9229
-3211 4764
9357 -5524
-8444 -822
2073 -2184
1594 3564
4212 -3704
-5218 8038
-3386 6240
-4581 87
-4515 7294
2095 -7625
1008 -6527
9015 -8722
-2136 3261
2556 9591
4032 -6935
8075 7110
-2458 9631
-3713 -6665
-2554 7881
6900 -8342
-2102 -4598
-6584 4512
-4637 -1165
-5402 4569
-3872 6693
6944 -9143
-6113 5958
-4144 5472
2940 -7868
8783 692
-4802 6858
-2199 2740
6488 4088
9796 -2345
5690 6695
3034 -6413
-4182 6450
-8181 1181
-994 138
-4251 8855
-3170 -3586
9712 4438
-3908 -4432
-91 9032
-2300 2413
-276 6619
-730 -8755
3079 -522
5334 2875
7133 4744
3290 166
8331 9108
337 -6130
4009 9343
4008 9759
8197 -5442
-3828 -8371
8997 5985
918 2626
5017 8618
-1241 -1539
8958 8029
-294 2036
-2493 -1240
-5090 -1640
