100
-66226 83401
91861 -83542
66801 -35415
-31707 -91226
21749 89039
-93922 -35568
98085 -22724
91340 -7477
-71894 -98151
-25231 75171
25429 13238
-71081 41613
12564 -31919
-9448 68268
76663 -34315
-35351 37526
-50915 -43491
-18926 -84115
-51817 -23544
-75340 -2979
-34505 57828
61454 90669
-64897 -20118
-16809 -36790
-91180 -14951
-61620 34249
98287 94389
-97049 10850
89560 -79408
-93793 66222
-13722 -29144
-69164 35363
-45546 11910
-21662 2637
15456 -69913
26748 80951
87915 -11799
-1292 -76983
-4828 81899
-86684 3992
-33053 78786
65330 92323
73175 68281
-69739 62734
88874 -63532
-43956 -24849
-65587 -86031
37603 -11133
-47031 -84060
18594 68425
73117 -54659
-23536 61031
-39369 75172
11138 55803
-15841 24454
-40206 -21805
3240 -74877
-29483 -96497
20494 778
-6674 9367
37247 -23541
11607 71660
-9572 -50791
87617 43397
92240 -66701
-61090 65356
-21360 15374
-46524 -33640
-9455 64614
-77838 74704
-83844 -90955
79988 19396
61258 -49496
-50012 -18249
-21628 43314
18207 42708
-80228 56903
-58544 -62710
33202 56162
80687 25441
89461 -80403
-82115 -31900
-37940 -28639
-38451 52606
63064 -16289
-45602 79221
-80155 61476
-74295 81104
-88021 -24306
89944 -82560
46097 -64760
60148 -7041
92143 28694
30249 25344
-15145 -61976
77874 -25684
84711 95760
-30495 -53229
94210 31055
26466 57274
1000
-2623 -7638
-343 8631
727 7812
-359 3003
-8647 9837
-1820 5613
-3639 -2104
4258 -8472
-1594 1584
-277 -3486
-9472 -1571
5784 -7151
-7629 8202
-1560 -4732
4296 8965
-2060 -8328
-8674 -8683
-5977 5775
-7150 3664
-1223 -5797
7222 -9323
-6464 -6418
2294 -8486
-4890 -5580
3098 8555
935 7348
-3017 439
-6083 -646
-1360 2357
8343 -7065
1321 -3717
-1671 6368
-2400 2352
5863 4171
-3984 -5361
8375 -6763
-962 -8090
-3181 -8669
-2854 5651
-4248 -9757
7926 -9593
7591 -1371
846 -8493
-8297 9487
7585 -9955
-3858 2626
-3672 4471
2715 7650
-3177 -1423
1820 6560
6938 3915
-6483 -4025
9547 336
1027 -3308
-293 -9501
656 -2368
-9094 -1753
6261 5474
3475 -8316
4960 4781
-8270 -5178
-2594 1779
-6986 -9880
3149 3558
-1302 -5031
117 -644
-7396 3634
9052 -7850
-2310 78
2563 -8882
4299 -6781
2471 5205
5187 2453
4399 2382
4137 3079
-2838 5867
7902 4569
-2354 -9085
4689 -9206
4473 -2893
-516 -1690
6463 5810
-8057 5514
7960 3354
-687 523
4472 -6389
7463 -3057
-7464 2649
9396 6936
-4970 3532
14 2193
3120 1636
482 -9235
6272 -4830
-4720 744
5999 8486
-7226 6182
4295 -1562
5417 5975
-8208 -5271
218 9985
2061 -2320
648 8318
-9672 43
5253 -920
-2704 -1012
-5007 -5864
-5656 5475
-1378 -9384
-5635 3902
5081 -9637
6108 7856
6546 402
-3707 5683
98 1806
-9589 -9685
1791 6193
-2004 -7562
4510 2045
6203 3484
-5155 -2781
-3808 -162
1355 536
-4688 9977
4873 -322
7599 -46
3762 3707
1530 4028
-2171 7823
-290 7927
-371 3842
8243 -4860
34 -41
-2422 -5456
-4276 -2499
-8252 570
4720 -2060
-9593 -205
-7804 -559
-229 -9210
9119 1091
744 6601
-1482 -4006
629 -9933
-2463 -9662
7995 -9114
4181 9958
-3974 -2065
3637 7326
6200 9361
-5174 7948
-70 9547
-392 4059
-659 1805
-6501 -7167
2595 -3662
3924 -2941
-7062 -3838
6774 3567
-3771 -5690
7627 -5777
-4803 5528
-2099 4944
-6538 -8463
2269 -6617
-5381 7096
-8670 8270
6642 4660
2328 -297
185 9548
2536 -3500
-4115 180
3559 2545
-9938 4053
-168 -3708
8363 -2542
4236 -2720
-3294 -7863
-7776 3890
-2605 4493
7273 2014
1588 -7677
4005 1950
6983 -3668
-4626 -2833
-399 -8370
3667 5486
5532 946
1751 5594
-5002 -8417
-8115 -2918
2762 6122
4362 9469
-8021 -9694
3358 3095
4800 4351
-1170 108
-9606 -7166
-4221 7378
2887 1153
-1735 -7513
6504 -4347
-8306 2035
6599 3445
-2371 -4682
5028 3235
6121 -2210
3077 4203
979 8777
4510 -5664
1872 -691
-7593 -9299
-6863 -7199
-2744 -1084
-6101 -9858
-6211 2165
-7370 -5986
-8462 -5676
6049 -8143
-8511 -2602
-2825 6518
-9367 -2984
-5693 7431
-8781 5286
6208 5729
-6658 1800
-1242 -530
2501 1895
5992 -6523
-5468 9892
-6381 2042
5777 -30
6056 7315
8015 5826
9172 9505
-6777 68
6022 -2423
7084 -5951
-1271 -7977
-6945 -5064
7752 118
6736 230
-6692 2957
-4154 9300
6434 4099
-7089 -6227
-3860 8688
3744 -4083
9723 1758
-4537 -7385
1262 2407
2683 1004
9985 3487
8774 -1287
5511 -8172
7370 6983
5667 7826
934 8975
782 6780
-8005 936
878 -5094
4709 -9262
-2685 -1548
376 -2963
-6069 5839
-348 8914
-1754 -3945
-82 1951
-6737 2412
-5616 -7506
7962 -8247
9477 3628
9579 410
6324 4081
910 8319
-4984 -8213
-6776 9725
-3753 539
1898 6623
-8703 5829
6183 4670
4742 -5572
-9275 -1620
-9901 -2291
-9208 -5517
203 8754
-43 3400
6102 3256
-6190 2425
-2664 8441
4464 6073
-9772 -8591
5797 196
5669 1415
-3182 -9314
-2757 -7000
5357 -4294
1149 9803
7807 1248
-2489 8599
9452 7714
-8928 -592
1113 -9105
-3616 8644
7041 3720
7085 1505
3513 -8967
6635 3031
4950 2303
-5555 -8233
2990 5410
-1511 2067
-8885 9638
1869 8922
4607 9380
-8759 4058
-9187 -3966
-2813 5647
-3071 3571
8012 -6030
1012 8817
9196 -5476
-6430 5830
-8725 8520
1853 -4279
-5993 -1437
-8870 2496
-9371 -4034
5855 2498
-1392 461
5598 3570
-1761 -9869
9605 9147
5779 254
2718 7511
7945 -2550
6327 7140
5695 9897
6690 6971
-7864 -1457
-7309 -3857
-9174 -2458
8640 -8544
7229 8215
7675 -4164
2396 3273
9407 -9366
7125 -7269
-6498 2903
2985 9941
4134 4651
-2610 460
5511 -3195
4077 2201
-2504 6213
-5536 3908
-3923 -4710
-8551 -5284
467 8678
-3349 -1858
-1765 9047
-8586 1362
-6599 8539
4093 -3097
5163 798
564 -704
-4552 7954
-6523 -9041
-1520 -8726
6881 5976
-8792 -8656
-116 -2715
355 5054
5722 -9178
7453 -7628
-1036 -4313
-8582 4099
7049 -1460
6358 1141
9165 5241
-4341 -272
-1742 4829
1403 1735
9509 9883
6730 6389
9579 7938
-8547 -538
-4778 1808
-1763 -5336
6351 -4311
-2964 -4686
1376 2175
-6867 -1576
-5564 -6788
-6715 -6400
8453 2665
3328 431
-2507 -5270
-7835 -2999
-1667 -7384
-2890 -2088
-9447 -1437
-8906 -503
-5908 -669
4161 -9558
5020 -5082
-522 116
7093 2611
-7740 -8472
5823 -734
-1151 7997
-8069 -7823
-1573 3145
628 4314
-6133 8962
6930 977
-3127 -8797
-6739 1688
700 -2647
-8981 -1418
-2205 9760
3500 -9007
3597 4313
3605 5857
9563 3148
-1156 -1589
4865 775
588 -2987
-2360 -8784
-8674 1507
-6102 -8024
-3795 771
-6821 -534
-3821 7601
-9461 919
-97 2055
4400 -6598
3049 -2004
7715 374
-6148 7277
-2758 6417
-591 -7893
-2809 9997
-880 8553
-5067 4167
3780 -1169
9864 -6295
-6678 -3237
6892 -498
-5637 7431
-9580 7987
-514 4820
-8612 -3745
-3464 -7176
6629 389
-6179 -2409
526 3230
3419 7718
6948 -7462
9991 -8120
-9575 3770
4433 -9712
7476 7755
-2948 4367
-2744 5136
5519 1398
3123 -1275
-62 8232
4980 6475
-5224 5329
584 2319
-3360 -8891
-4452 -9941
-7453 -3784
-3682 -7463
1818 -3256
-9972 -3750
753 -8776
-5996 7805
9312 4982
6662 4830
-3621 -216
-6446 6317
1736 -7746
2791 6513
-8697 -2905
-1169 -2056
-1795 8100
-1997 752
-1963 4321
7011 9855
-5215 7039
-3896 5539
8263 108
7064 -8706
-1190 3725
6125 5189
-2771 -6601
5227 -7314
-625 1738
9199 678
8834 1750
-7658 -2962
-151 345
-8490 -8394
-1613 8521
-8540 6893
9280 -2436
6152 7542
-8607 3216
8837 203
661 8682
-887 -8389
-4199 -1940
-5703 5176
9798 -2784
-425 -7649
8966 1917
3110 2535
-4017 4621
4142 8091
3141 5602
4983 6142
-3113 1135
3683 2001
-1929 6240
-4076 -7548
8642 5037
-5937 -5557
-6904 2081
9619 -3385
9297 -807
-1034 -8018
-5169 -7924
8239 814
-9583 2380
-1096 7279
1702 -6114
3420 -7691
8742 -2897
4310 -3188
-2937 -6045
2986 -574
-7288 7049
3869 -470
2851 7208
6145 5868
122 -1169
7851 4953
907 6089
-4234 1324
2189 4670
2324 -2389
-7724 -4257
-79 -5261
6567 -2049
1551 -6370
5627 -1743
3056 8340
-973 645
-2131 -8123
-2148 -5987
7745 7974
2844 9316
6647 -2528
9125 -7588
-7484 1313
-9198 4840
-7355 -3200
-9417 6287
1539 7150
-2042 -3190
-5500 -6415
5068 -8724
-8076 -5906
1921 -207
-4029 -6506
7527 -2564
-4812 4091
473 -8165
-8438 -403
-5753 -2200
-5369 -1229
-7361 -2724
5571 -3057
-2717 -2891
-2186 5241
3919 2314
8826 2707
7312 -5530
6801 2953
4263 -3508
6447 5510
7650 -8365
-399 -1878
-2809 4884
7719 1438
-7317 -3930
-6071 -956
7067 9500
5987 -5651
329 -6200
-6689 -2031
9836 -4143
-9325 -9133
328 7477
3820 -1689
-2311 267
-6179 -4662
5623 3422
3460 -7187
-1695 4900
7972 4710
-5310 -4378
-6247 -8243
-4879 9740
-173 9172
-2739 3138
-2860 817
8996 -2185
1684 -677
-988 -4497
-8646 6702
9491 -4825
-7961 8834
-7683 9221
-4633 4344
7841 -2940
-947 -7470
2682 2806
-5713 -8477
6266 4115
-9306 -6474
973 1555
8064 -32
9371 -253
-6989 2103
8972 -5634
-1196 8462
3262 4565
-8984 5580
7506 -3617
-77 5346
3443 8976
7876 -155
5502 -4116
1369 1767
-6281 5784
5294 4692
-2661 7078
-1619 430
-3175 5113
-7468 -4204
9479 5058
-2022 2741
3343 2715
2041 848
9099 -8037
-86 6262
-5341 1510
-172 -9840
7394 -8804
5648 -5167
-9300 4662
-6754 -1961
1740 5348
8469 8565
460 -5278
-1919 3660
-6500 9780
121 6843
2495 -7839
1411 5314
-2155 -8676
5296 6225
2834 -4877
-9895 3949
40 5753
-7498 741
415 -4252
8780 -7846
-5184 -9031
-5561 5277
-588 2520
-1064 2912
2299 -7223
3475 -1486
-1341 -1394
-6173 6504
-70 9124
6449 -3516
-5754 6554
-5847 4287
6027 -3344
-4973 -3559
6125 -2473
2316 -9059
2217 6755
6218 -8372
-726 -1126
8261 -4706
5372 5456
3808 -5970
-5939 7636
-5746 7712
6759 -9298
-5804 -5275
-9024 2070
9012 7003
8726 -2241
-6556 4851
5287 9481
9513 -2497
6236 5730
2853 -770
-1676 1113
4524 -6305
-3431 2053
-2275 4351
3409 5700
2063 3888
6402 6259
8613 -8902
2049 -8655
8101 775
-896 -4735
-654 -1889
-5254 -1142
9336 -9019
-1692 2188
211 -9648
-2979 -1544
-5953 7311
-5771 5493
1662 7638
1192 -6276
1525 1314
-6297 137
2412 5752
1482 4233
247 -5693
9499 9593
2418 -2035
2171 5474
2667 -5801
-2339 -3402
-5449 8404
5054 2319
5714 9283
-2189 1096
6920 -7277
4820 2165
7758 -7757
-7698 3890
7996 7505
-1877 -1758
-8189 1342
1556 7951
9307 -2553
3424 1973
1647 -5194
8571 6198
-6791 7346
-1483 -7357
-9652 -9952
3740 -9011
-7228 2280
3154 -5750
4524 9177
8141 2519
6682 -3737
-5519 8493
7605 9758
-9837 -9369
-2795 3588
2604 -7428
-7886 4895
8770 -956
5961 -2714
1687 -9970
1056 -853
-8981 7549
-8573 7894
-8202 5951
7071 9939
2190 7473
-78 -9609
5965 1247
-9851 9850
1878 1075
3437 -1798
3647 5551
-6903 6137
-5406 -7222
-2856 -9999
-7192 8200
-851 -2452
5748 576
-4558 7546
247 -3767
-8795 -7564
-6295 1127
-3452 -6610
-3905 418
-6761 7973
-8508 -9604
-3825 8860
9668 2993
4997 -2018
5771 -7860
-2016 8580
-9661 -9147
-3873 9808
5150 5290
7353 -4604
-8478 -7722
1553 -4773
7127 -8179
-1382 -6779
2240 5578
-5086 7453
5975 1089
6313 5642
-5919 5030
-2655 -6427
-9110 5329
-7848 -5050
9903 2000
-5243 5052
-2710 -4170
-5832 -1188
1830 9442
7761 -1044
-8738 99
5898 3502
-603 -9189
4676 -4629
1901 988
-5266 9703
-262 2079
-6725 628
1128 -852
5578 4751
-5131 -5945
-198 2159
-115 7691
-5309 -8286
7132 -3828
4391 -7886
9992 288
9338 -611
4821 4013
4760 -3279
-1279 -6786
144 8459
9014 7141
2807 3862
9 2105
-1388 4878
6160 -7866
757 -235
9825 5449
5201 -9324
-4659 3312
-3488 -4667
-6400 -4151
4722 8421
-6418 3202
-1138 2303
-9863 -7274
4482 9151
9867 -2712
3013 -124
9393 -8376
-5247 9273
-6241 5511
-963 -2696
4680 -2042
1702 -6259
-8730 8214
-926 -1409
-5938 -6205
732 -2356
-9282 9594
-6333 -9145
-7681 8149
-9995 -4093
-4564 6739
9504 -1451
-7916 -2023
-2179 -436
-2792 -9422
6868 -4392
-1463 -1431
-650 -193
503 8424
8398 4565
-4060 -871
-4071 379
2443 -404
1234 8483
-2256 4960
-1890 6901
1699 -2387
-4551 7504
5591 3270
-2933 -7202
3849 -2345
2128 -3894
9946 -8523
5913 448
9901 8031
-1266 -439
880 4663
9940 -2957
-2020 4894
-4475 9445
-146 3636
6346 -4727
-5031 -8206
-7224 -9441
8786 3564
-2921 6355
-8782 -7073
-7540 -5116
-5596 -7907
5333 -1975
-9877 -5934
7587 1003
8729 -8754
8046 429
6141 -2709
-126 -4006
-5353 -3781
4988 -383
1734 -8516
3897 4240
5048 -5304
594 9987
-2377 3054
-5129 2027
5147 -9797
-9948 8991
-2010 -8641
3714 439
-7395 5480
-9132 8746
-7229 742
-1540 1139
-9319 -6553
-9245 2415
-5069 8374
376 -6301
-6931 -9031
-6314 4414
7745 -1443
-3560 6612
2481 213
5603 -9530
1572 -684
909 7899
-5204 5498
6644 1288
-3761 -4896
-7574 641
2272 -3097
-3223 7204
-4724 7153
-9098 -1655
8122 -5412
-7242 9587
6866 2920
6199 3067
-3147 1801
3537 8426
-8884 -1833
6324 -367
-6336 6688
-5359 3625
-4488 -2932
-2014 7785
3971 4763
4988 -7033
1915 9611
5033 3758
-2080 7792
3344 -1494
4432 -458
-8427 -8716
-8658 8831
-6570 -3820
718 -6526
9534 8104
-9838 -5825
5449 -605
4964 -6566
-2821 2655
8198 -4113
5622 112
-781 654
