100
-693 48499
89110 5990
95205 -49002
-37551 42131
98995 77289
-2728 38191
59221 -36913
55868 -71685
-37058 29324
91376 -70048
-79821 57804
90382 98236
75223 65816
88690 -65615
-39066 58253
10049 60242
6751 -842
93321 -70956
50156 82859
71176 -23761
60147 95537
-85570 19367
-41376 -2613
47683 21566
-73289 -33853
-21393 73980
51040 -31012
-696 26262
-65196 -12007
60648 -77173
-53755 97786
10158 52997
-3056 3478
9130 74189
-13664 -92606
77518 73573
-97069 19037
-79972 88645
-83577 -5200
10210 -56866
-11964 15906
44203 -60925
84894 -56493
-7573 46787
-41411 80164
-3296 4835
77949 -93139
84921 -98019
-62571 -5950
3260 -49146
1445 -19223
-75574 -68535
26903 71545
-79891 43326
-33656 -42592
13550 54381
73314 -42248
20545 -14704
-71652 -87029
-67917 -13062
20224 -44124
91773 -74738
-37263 3782
54333 166
97832 -42408
-21890 -73635
-34542 -70375
-42170 92361
-98831 -22061
-37224 -32486
-37564 76326
48984 -64251
61167 -30472
21046 89516
-90411 -19782
-96458 -43098
36094 95315
-17836 25920
-73815 -63503
53176 51106
-78822 -68715
77472 -86274
-39090 62391
-93914 -37920
67420 -31138
-43317 -70145
72277 32756
-34395 33444
29373 13740
-49952 -33949
21047 -46410
22954 84230
75994 -94883
10149 -97822
68704 -36676
53284 89883
-5391 -42156
30698 -17391
-79765 36784
-28222 14744
1000
1050 -8076
-5921 -7212
-6632 8304
6613 4916
-3997 3397
-9504 2144
-2437 2972
5114 -1913
2804 -2273
-5363 -3438
1154 7145
-6130 2743
7890 2069
425 -4661
707 -8413
-4646 -4523
-2768 3155
-1734 600
5179 -1401
-764 -8818
-8004 -268
7047 -441
-3576 2161
-8633 -7051
-6392 -275
-489 4762
-3131 3381
1225 -1520
-830 -4630
7540 9877
678 -3385
-4646 7910
9770 3620
2230 4948
-7782 -8534
9851 -2065
4919 6898
7495 -4936
2779 8862
-1987 -9893
-1414 -8756
8590 9177
4625 -185
1377 -6206
8906 -1084
-2609 -416
5531 2745
-2507 9021
85 -6556
7690 2304
-1369 -8740
-6041 -2730
8158 -8547
2334 4657
-5965 -9654
4764 6343
-8410 3354
9240 9936
-3111 616
-2550 -4206
9532 4842
9099 8784
1307 313
7804 -8608
3757 9214
7417 -3892
-9526 -8625
3378 -7648
-3450 -4288
7010 4306
-221 1773
648 5091
-1153 -113
8747 9457
-9498 -82
-1028 -6245
-1520 -1930
-7462 9787
8383 -5938
-8822 5860
-6724 -7685
-8033 -6250
-6309 9067
-3898 3962
-1501 -3168
-1733 8278
8606 8916
7089 1173
2523 9557
4351 6747
-526 -6678
-9499 7954
5113 -6961
7740 7217
822 -7361
6797 4098
-1325 -7515
-8432 2366
-8449 1392
48 50
8224 8316
2048 -9451
7231 2858
1723 3474
2414 -206
220 -4392
6837 721
-6439 1949
7481 -4979
2886 -1697
-2340 -317
-3879 -9944
2168 -2310
2422 7440
9082 -7530
1210 7305
-5494 -6743
7855 -4543
9836 3298
8931 5970
-6909 -849
-8423 9928
-6408 -4862
5597 -5206
160 -1517
6818 -8460
-8114 -7062
-8404 7775
628 7740
5214 3430
-6070 144
4456 -1564
3401 2310
3893 6958
-672 6544
2927 6140
-585 4505
6067 6729
9643 5384
-8478 3523
-2413 8340
8785 3194
-5002 -9620
968 9348
-8160 -98
2777 -509
-9955 953
7927 7168
-6738 5540
4125 6311
5805 772
2450 -4781
-4724 2237
-8053 -1360
-2379 -2810
-7838 8929
-750 -9054
2123 4249
-4952 -6910
7317 609
6714 3814
-9900 6759
-5233 -8253
7647 -1971
-8992 5492
-1939 6813
-3736 -9490
-7969 1540
2748 -2300
-9821 -5911
4890 -3937
-6983 -5860
730 5140
-7891 9499
8231 9426
108 8665
3239 3929
5423 8006
5676 6791
-244 6684
2282 7817
3496 8546
8327 9249
86 4795
-3052 3986
8884 -8163
-6231 -8099
-302 8221
7041 1807
7719 8992
4953 1547
7656 -1808
-4525 6800
-82 -8849
3590 9674
7835 -4129
-8790 5052
-5583 9538
8021 8224
4332 -5032
5930 6937
526 -6580
8838 -6055
-8360 9599
9473 9359
8591 4426
906 9967
-3662 6381
6766 6256
-8748 4076
9651 -7192
9948 -9140
7860 -1915
-9603 9601
29 8451
-5432 -4042
5387 8815
-622 7945
-7241 1018
7543 -7768
4098 9854
-9622 -1276
9821 -3284
-4896 6586
-3308 78
4383 -3658
2886 8051
-2797 4466
-3865 1321
4066 6164
3492 -7646
-4158 2599
-8832 8942
543 -2351
3680 1807
3602 -2223
1660 3980
-9779 1480
-5584 -953
1787 1108
9125 -3831
7451 2010
-5781 -1626
196 4075
-6585 -5739
3959 6908
336 -6479
3227 1504
-7538 -6230
-7127 9864
9298 6475
1361 957
454 1583
-3842 4870
-9371 7945
-301 9754
-2166 -2851
5484 5774
9244 -600
3569 -7342
7382 -2473
9566 -2283
1048 2793
-7059 7232
-9717 -4185
7095 -6699
-7711 -1545
4258 2744
-9963 -5864
1334 -9334
-4199 -8968
-5860 3635
1902 -6656
3129 1145
2744 -3303
3804 125
4224 7090
-8438 -1007
3603 -5496
-3776 7607
319 -2961
-9093 2608
5494 8887
-928 5532
-6978 -5873
9919 -1176
-4841 -2220
-3821 -9218
4845 9309
1927 -2411
-274 -549
-8566 -2329
262 -7003
6664 -6136
-2499 -3392
-8529 7820
3647 -3901
4148 2861
-5015 -3059
-1608 1729
1068 2032
-9448 9948
-6468 452
-9271 8377
-240 6378
-4035 -6793
-451 1121
878 9811
4118 1262
-2604 -4661
-8410 2588
-3121 5237
8687 -5253
-1903 -2607
1688 -9790
9122 -7245
5963 -6606
-7297 9495
3846 -2847
7871 -2673
-6470 -2443
534 6801
8678 -8589
6611 6516
6394 -5994
-4425 7984
6594 2454
6941 9002
7201 -1242
-3606 2610
-1032 -4485
5365 -1349
-1091 -8212
-1855 -3525
2663 -263
3802 9914
-8986 -5665
6714 -6588
-533 3325
-6352 -4140
-8949 -777
-2436 -8634
-4603 -5496
-5912 -3682
3263 482
8928 -4049
9718 8014
8324 2347
9802 189
8822 2464
9926 2624
2378 -9061
-9321 2812
-1928 147
-143 1720
9728 909
-9058 1013
5996 -3661
5517 -9917
2658 2500
565 5306
-7828 4003
3319 -9505
-3651 3121
684 -4830
-695 4331
-8486 -4597
8991 -7806
-8064 -2937
2341 1793
8783 5789
-7299 -6554
-3199 -7583
3506 -3961
-7500 -116
-7741 6786
-4810 -5569
788 8509
-1353 -9143
5350 9332
-3972 -1624
3662 1263
7500 6373
3457 9436
-6565 -482
1229 -4061
-4693 7651
-615 5829
-9932 -7110
-4412 -7432
2775 -2152
-6925 7965
2279 3863
-9807 -5353
8442 5544
-6022 -1810
-2360 -8640
9453 -4861
7733 2910
-5425 -5111
-7573 9525
828 1455
7175 -9788
1005 7243
-3177 6593
-6468 -6682
-1839 -3393
-4997 -5839
-5810 -4803
-1192 -7369
-5539 2786
821 2101
7867 3995
-9040 5599
-3096 -744
-9513 3052
-1220 5036
-1772 -324
8969 9233
639 -4208
9546 4171
-890 -2293
-5502 4114
1868 2410
-6969 -9325
8762 -2508
7182 -417
-6687 5048
-2702 -5727
4367 4202
7251 8576
974 -3970
3611 9202
5706 2580
-7846 66
-7908 -4579
-5764 4923
3128 2456
2757 -1284
-5135 5788
3112 -6374
-3000 293
6930 313
-939 -5773
8308 -6573
-7851 5558
-4277 3124
-4692 9335
6046 -5265
5635 8201
4801 -8553
-2658 -7243
6370 -9531
5213 2848
2906 -9923
-1365 -3983
-2575 5636
-9970 -5646
-331 -909
-1418 -2024
2518 4452
-2746 -8038
-2425 6284
-4983 -6379
-8982 -5628
-4458 9540
-4181 2884
-7704 -4091
7074 7510
8757 3700
-8693 1113
9717 2453
469 9747
6808 -9863
2558 -890
1835 -1204
-6439 -7191
758 1137
9093 5775
8479 -6169
-9854 -2259
-6630 -314
-5655 -4333
5596 -4861
-3103 8073
8839 1925
-815 -7725
-5622 -6626
-7979 -5094
-6488 8300
4016 9068
-2905 -8703
-8124 7854
2434 -5310
3628 4633
-1479 7496
-3906 1892
-2819 439
-8721 -3503
5578 1897
-5430 8137
-6179 7476
-9589 1920
-9150 -3847
6826 -1917
-5548 841
-2850 1548
2139 2747
3122 -1707
7437 -3251
-3353 -4042
-2035 2741
-8430 5147
-3099 -7151
-4636 -3801
4746 -66
-5664 -7713
1131 -5253
4208 1981
901 4754
-6216 5353
-684 934
621 -4825
-6320 -6258
7189 -5162
4213 -2444
796 -7823
-9703 2366
-8956 919
8936 -3591
7118 7402
-9937 -4826
9689 4915
-78 7617
-3105 -5457
2371 4400
-6384 -4593
-4667 4238
582 2735
7980 -2230
-8707 5913
5327 2089
8091 9345
-1825 -7145
3984 -2890
2985 4822
-5489 3049
9997 -2080
-2037 3639
-4463 8580
8182 -8372
2979 -4482
-2965 -7967
9756 7617
8489 -8544
-893 9782
7369 -5567
5591 9180
-2502 -6235
-7965 -8519
4596 8741
6304 9107
1789 -9980
747 -6527
3659 -9996
-4227 1840
-8368 8752
-8922 2388
-5495 -9166
3725 -3286
-3989 -7168
216 -2900
986 -4194
-3720 -7795
3292 2036
-6314 -2113
776 -6290
714 -3714
-6270 -8539
3480 7389
-8535 9253
2949 -3181
-8276 4028
9207 -49
8583 2932
6665 -1686
9485 -3119
5414 4191
6408 -4586
6396 -300
-8830 -9918
-8693 5668
-2487 2022
-8047 1244
7204 5433
2353 -7611
8406 -977
-792 -9871
-6950 2136
80 -4647
-1212 -3255
3667 -1728
7347 -920
-7538 7475
8216 8859
895 9386
-7339 2203
5053 3895
-2055 -9274
-1141 -4852
6159 -8788
1258 4564
235 -9534
8415 7006
6323 -1506
-3921 -4890
8960 9746
7103 -9974
2546 9565
7502 761
-7857 -1604
3868 -1475
-5681 -1080
-7580 2264
-353 1279
-8868 -474
6212 2391
-2189 -3554
6578 -3775
-2828 2900
4719 3251
-8270 3679
6717 8833
7426 -737
-7883 4927
-6256 -2018
-2956 7612
6507 1363
253 -7353
-2652 9900
7648 -1520
-575 3859
-5409 7236
-5974 -5111
-2819 1198
-8491 -8100
-1830 -6761
9300 -5114
-4208 6725
7870 -2090
5373 -4665
5892 -7584
-3333 6119
7500 6920
8767 -5153
6819 6414
7049 -35
272 -4640
921 8019
250 8103
2938 1759
-6277 -8893
8720 -6978
-286 -5489
-6533 1305
2421 -7440
6640 2033
-1303 -6694
-1848 -3803
-6053 639
4765 -9235
-2948 1813
4451 -8956
-9106 -4628
9064 1144
-2805 5722
-3377 918
6829 -4658
7661 263
-146 -5152
-8433 -4005
-2591 -8073
-8251 6106
-1045 3622
-3977 2902
-5740 -9212
7388 5033
6322 1839
9798 7216
-9069 -7419
-1641 1847
8303 8704
-7236 5131
-5955 -5855
-885 7620
-1007 682
-2664 -9878
6331 -915
6229 -4715
-7294 -4028
8187 687
-3240 9295
-4281 -6918
1133 -4484
-5982 5785
1819 6099
-2369 121
4802 4116
-1027 -7433
8261 8088
-9813 975
-1231 -2477
1097 -1180
-9672 1046
4105 -3245
7019 6012
7442 -2501
5307 -3119
4302 160
6118 8321
-4055 -2064
8140 7297
8058 2941
5134 -2970
5508 7115
-1162 9416
1810 -8673
-3062 -3372
148 987
7674 -5748
7742 8413
-9736 8904
-367 9292
-495 -6066
-549 -4377
-4025 9117
7280 -5886
-9866 9058
-9225 5268
-192 -9996
6103 8646
9420 -2087
9974 79
4541 121
-8935 2214
4373 8808
4348 8358
-8569 -6020
7649 937
1635 821
-9720 -8669
-63 -8720
-4555 71
-9662 -58
-941 146
-54 -4838
-1208 -635
3075 -1235
9444 -2385
-7394 -5770
-6451 6979
-3242 -8383
9058 -1811
-682 -9574
-7154 -9047
1247 -6874
-7716 -8816
-5593 1450
4976 -1534
-8609 -5965
8612 5058
2918 1124
-5577 -4008
-6391 -2413
7328 -3785
1817 -9124
-3085 8575
-3785 -4028
485 5533
-3602 3331
-9794 -8634
-9822 -3789
-7450 -1694
7662 -8754
6772 -7227
-998 9104
7832 -8081
228 -4025
1632 7558
3562 -1041
-6227 -900
3557 688
-2326 9772
-9620 8159
9025 499
5211 9232
1865 5389
-4558 8136
-6306 -3176
9383 -5814
3319 -1616
-6711 1150
4025 7238
7125 -4344
4796 4407
8337 8569
-6494 1893
2977 4902
5385 3357
6781 4409
-6145 1991
7361 5721
-2621 -3476
7577 1073
3348 6959
5259 387
-936 -7731
-8464 -6912
9507 -7619
2465 4302
-9491 801
6591 -2264
-3586 -433
-7363 -4481
-3356 9419
9929 4221
1409 -8991
-59 8789
1254 -2483
3582 -5398
-1803 2562
4989 -9019
8552 -9754
-2210 8058
-3652 -9746
6081 -3143
4777 6392
4594 -8810
-320 -9049
431 6324
-9631 4080
544 5500
5089 -5795
8009 -3657
5444 5311
4666 -2639
-2128 3375
-1658 -3577
7342 6132
-1798 -6310
-9894 -1997
4268 4883
-5606 -1139
9795 4074
-187 225
4119 3903
-5696 -5338
3123 -6887
2589 1131
3177 -1968
-3558 -2158
5393 8035
-5062 -6266
-1821 -7721
-6414 6381
-4031 -6308
-5617 -6042
-7704 2498
2819 -4189
-3428 -3648
6036 -9310
-6024 -5940
-927 7099
-2827 -8339
-1770 -9650
-307 8393
1913 -1194
6427 6851
6261 -5395
-7149 9847
-5294 2541
-2740 2810
6499 -444
-4692 3039
5367 1880
9391 5123
6291 -2913
-7097 -4637
-2093 3797
746 9858
7868 -5841
8250 -219
2966 8397
352 -774
-3277 3203
2794 1429
-4256 -9947
-5761 -7758
3330 3268
5281 2417
-4853 8393
-2461 -4842
-800 442
4242 7107
-5762 -5013
6964 -7894
-853 8934
5608 -4167
7331 -4041
8780 -5947
-7117 1573
5482 2348
5347 -6559
4590 2397
6709 3592
-5187 -4424
5705 6073
4455 -1375
235 -1303
-4268 8195
7405 -3584
-9700 -3449
-4650 9629
2384 -7320
-692 4885
-3267 2191
-3543 -4065
-5462 -4475
3098 -7151
7922 -194
-9839 -7265
9104 9587
8808 3558
1932 2764
-7746 -8616
958 9660
-2199 1258
-69 6872
4607 -3964
9552 -6086
-9080 5
9827 1098
9661 -1915
6623 2758
4655 4545
-3715 4816
-9000 -4612
8123 -6472
8946 55
6292 -5079
1439 -2751
-1699 -7040
-7773 8232
9832 6834
-2012 -6897
-5531 -1092
3108 -5705
-9994 2769
6101 -9651
-753 756
4894 5532
-708 9615
-5360 -2585
-6857 -6414
-8810 9435
2228 6350
405 -9472
9311 2632
-7520 9142
-534 4190
-7755 7656
-6903 9074
-4329 -3176
5563 -8229
-2826 -5190
2527 -4212
-5938 -8181
-4597 -1297
2955 2267
6010 4145
5422 -1763
494 -4174
2486 3525
8459 8687
6388 1645
2876 -7647
-700 9695
-8574 4971
-3482 -9290
-9538 7413
-4480 2990
-3078 3303
4809 6046
-7995 -2237
-1688 8015
-4372 -6267
-28 9843
-440 -7543
3368 1739
-5135 -245
