100
59291 -40002
6383 -2492
-16365 -20532
-32630 79310
-95630 -81041
-14716 76416
31345 6341
-1828 -98993
-64654 131
26962 54060
-88854 56542
-59525 -12610
97330 -5279
43092 -51321
-84771 -57173
84649 1609
2825 -8968
26206 86461
70500 93576
-7141 1959
39625 5233
-21626 -29031
-88427 76547
99067 74009
-96234 -46883
28068 42002
-90341 68543
-70609 34078
90353 72483
9846 32671
-84690 -5505
61369 -54776
85527 -12426
58774 -16885
-18850 -48367
85075 -79226
-16045 90538
-81168 -77383
-5827 44988
96626 -2060
98106 -48217
-60059 34854
47415 96423
-31069 37768
68905 78778
97528 11304
-99639 58897
56529 12977
-53530 -57609
96092 -45291
-5976 8255
-97428 5068
-1207 48495
27685 92966
-6518 24311
-82006 -81324
76094 85026
53530 23508
81448 -77539
88365 -22559
28328 85893
15835 -44222
44789 99453
68755 18348
-58157 -8065
73058 -37043
-99810 75630
68025 -73928
24124 -4290
46127 44696
47110 -8789
63372 23203
-23764 16902
73800 84773
-33548 62165
89303 21869
-24854 5137
4736 47024
4589 -26510
-34629 46433
65425 65518
-90611 -7296
-31763 4503
18776 92361
-99788 -35097
-35855 -25589
56114 -72483
97614 59439
-28492 -1497
-28700 -34951
87757 -39398
14007 -37098
-7171 -81258
-90075 97418
-7768 -97615
-29061 84746
67904 -92583
-22550 -63860
11921 96226
55590 -60778
1000
-8907 -6432
9389 -3827
-3805 -8159
-4230 -1458
74 779
-6099 -7235
6513 9589
-6981 6531
-9747 3502
-755 -7743
-2001 3123
-7742 363
-7804 8352
-9157 -3178
-6161 7689
5848 -1347
-5023 5236
8548 1172
-9203 -5683
-6566 4593
8818 -2665
7358 9051
644 -5902
5581 4618
-8680 -5175
6875 -681
-8332 -7146
9682 -6135
-8795 -5755
4408 -1235
-8066 3976
7419 632
2932 9687
-4475 3730
-2276 -1041
-1678 -3459
-9985 -600
-688 4380
3498 -5108
-1002 4819
3439 -4128
-2142 8828
2447 -2460
-3587 3653
1785 -5458
-3862 7440
8518 -2723
1793 1450
-3037 7318
-1100 4688
-3724 7222
-5051 -3709
342 4262
-9329 -2439
-7126 -331
-3900 -9967
9262 3958
8862 5430
-4782 -1005
-918 -9276
3537 8941
-8116 2055
-3782 3677
-2775 3181
994 6125
1589 -9009
7067 6539
1003 1129
4521 5395
8690 -8885
-1216 -5211
-8851 1767
8748 -6269
-2804 -2314
2726 6278
-1590 -16
8939 295
-7962 -4844
-6029 2984
-7942 8687
2829 3647
9678 -105
3906 4401
-8977 -1574
-204 9714
-458 8580
-1777 4412
346 691
8143 7542
8378 4589
7540 -3213
-5428 6479
-9198 331
-8366 -5226
-6686 -2587
-2819 6143
-8940 579
-242 4966
-5021 782
-2887 4775
4216 -9625
3355 -3841
4787 -2579
6851 6650
-5037 5228
1238 -3777
-4265 9532
-7299 -3462
-138 -1943
5033 3177
5470 -7787
3040 -9750
2792 -7202
5217 7771
7301 -3950
6267 5237
146 -379
-8605 -1347
-9238 -8034
-4698 -4275
-9086 -9740
5670 -3350
9792 8371
6909 -346
148 1941
-3449 -661
7875 9591
-411 666
-3891 -1474
2157 -6591
4576 -1577
-7634 -5279
-8236 -2517
3374 -7473
-551 -7604
1973 364
-3622 -2358
-9266 -3831
-266 7643
9544 9882
-417 -185
-780 -2543
3127 -7470
-8157 9236
1056 7721
-3634 -4368
-3856 -1268
4074 1629
6215 1169
4156 -615
3565 -150
9749 -6337
7492 -9518
-167 946
-8155 3097
4549 1428
-7088 -2511
-7395 6039
19 -1831
8995 -8925
-4111 -4640
428 2033
7814 -5499
-2617 7749
9391 -8462
854 6677
5109 602
-9661 6322
4805 3893
-2733 6650
-3010 -8185
1798 3623
-695 8124
3382 9324
-3708 6097
-5881 2182
-4822 4547
-2065 -7009
-7231 5318
-5540 -7841
-9423 5315
8836 9407
-363 -7104
5728 -1837
6789 -7005
-1467 -2501
-1469 -9669
-5158 -8444
-7825 -8056
-5399 -1532
8042 -1280
-5630 -6781
-3012 6026
-69 -243
5065 8112
5637 9363
3426 8194
8769 -3216
-8911 4497
8668 -8402
-8788 -2800
-902 3464
1252 3940
5021 3428
5885 -6658
-8105 7647
2062 -14
-9135 9050
-268 796
2527 -5204
2628 -1836
-2121 -225
-3643 -3352
6559 1167
-5135 5226
2765 -202
-7575 -4417
-6739 7399
9524 -7998
826 9129
-4656 2721
6775 -8873
-3573 -8640
-6103 6159
5877 6425
-5324 -1496
-1691 2555
8279 8387
9203 8558
3274 -2212
7504 -3962
7586 9930
1622 -5432
-8952 4866
291 1874
7715 9357
-1685 8210
-9517 4742
9570 -1899
900 9167
-1754 5576
-2330 -9725
-1869 -330
8662 1054
-1773 1935
8843 -4269
-8306 -9852
-619 3316
-1563 429
1902 8729
-7698 3337
8085 617
1546 -7712
-921 4836
4110 -6301
4002 -7644
9276 -4608
-7369 1127
5062 -4986
-4099 -2990
6949 -1536
6462 8643
2334 -4158
5679 -9230
9992 1301
9499 -3986
-5363 -8697
-9649 9904
-6409 -570
4739 7702
3129 -1260
-6222 6125
7854 -3591
972 6636
1423 6874
-6355 2093
-942 -9894
4456 -8609
-331 3856
-7838 3381
-1123 -4619
9395 3515
-3315 9746
7139 3997
2896 1878
1698 -3975
-5662 9197
-4130 -7809
-4394 6843
8828 -9251
7437 -3807
6563 -3506
-3700 4740
-2114 9690
-1405 3769
3071 7472
9150 2465
4707 -4166
5932 1846
9832 -1173
-2556 5250
8573 1782
4447 -5557
7695 -6227
-8715 -9758
-1757 8722
-3565 -5194
-1064 6456
9546 -9458
6146 1861
8032 2937
3053 7182
-878 1481
-3264 -4947
-2953 288
7602 4491
-741 6174
-7 -2574
-5663 -2313
4920 -657
-2071 -6838
1785 8086
1689 -9279
4541 4955
-5016 4407
-3185 -6984
-2657 -6411
-9803 -9814
5070 654
-1040 -7884
-5337 -3439
-9673 3922
-3544 4041
-4932 4514
-8272 9988
-6143 3378
-6851 5642
5184 8560
6363 -275
3514 -4932
-2148 -5950
-1916 8917
-2361 2002
9103 -3571
-7345 -1938
2266 1039
8345 6314
-1319 -1479
354 3749
-6966 2082
3736 -3109
-819 -9394
-7467 -5636
9166 -7384
7810 2679
-2316 -4338
-9551 5768
-5422 -1912
-2231 -6320
8238 4146
5463 503
-4816 3807
-3184 3866
-3952 7171
1335 -917
2973 -4929
5974 -4126
-602 -7773
239 -1437
-1435 -1952
-5038 6249
7431 -4588
5738 -7992
7221 -2773
-591 5459
-4907 -5128
-318 3999
-7601 6499
1585 -1552
7390 -7081
-8749 362
1711 7225
6237 -8892
-6827 196
-329 1738
-8036 8355
1707 9396
-6234 1165
-4876 -9014
8393 4534
-9835 -2794
-6874 -152
-8796 -754
67 6510
7694 -2544
9430 -7335
-8462 1140
9891 -8505
5970 -3216
1691 -639
8522 7377
-2285 3949
6772 1481
-4886 -8105
6189 -2773
6429 6354
4433 -6725
-78 9359
2522 9989
5868 3936
-2556 5297
6602 2704
158 -9788
4199 -3873
-3004 -389
5488 -762
-3013 -3076
-6814 -6242
8405 2021
-626 8314
9248 -476
8389 3681
2799 -1690
3039 -959
-1701 2627
-7023 9464
-2076 -6701
2167 -8198
-6489 87
1650 4228
9698 858
-2814 405
7782 372
7884 9908
-7607 -2743
8221 -4639
6781 6609
9042 3301
-5081 5801
-3938 6939
-1572 2760
6402 -9928
6059 2290
-4405 -6710
-7624 7245
-8762 -4206
-1898 -1576
6199 -395
-7483 4082
-488 -1369
-8662 -2268
3992 -8160
-1938 6755
8862 6702
2555 -5077
3640 -5297
7684 41
-1504 7463
-3949 4091
-9247 -1573
5056 -8009
4221 -6842
4137 419
6484 6654
-1779 -4005
-4716 3281
7448 9276
5121 -770
6030 7703
-4069 2306
-3654 9571
-9271 -5971
3333 -774
-8508 9384
-2963 -4034
1532 -7907
1678 -4248
-1028 -4186
9893 -4545
-7533 -1887
5171 1472
-8607 2618
748 -9766
-4431 498
-8343 1500
-7197 -1996
4792 -6467
2033 1845
6480 7246
4949 -6484
-3068 -3520
-4391 -7669
5954 4581
-1855 5846
-6244 4334
-2321 8927
-4195 2794
5266 -9727
3028 -9166
772 4686
2334 7296
-3590 846
-9172 8443
-7310 -8972
9410 7640
-5455 62
-2160 3875
2393 -6207
2177 -5741
-6641 5933
8593 1039
4860 -1882
-6168 125
-1608 -9420
959 9164
8987 -2987
6459 -4604
7860 -8992
-2440 -5730
-4243 690
-4370 302
-9249 3471
-2102 3145
7264 -9926
7404 -5656
6007 9717
5383 866
-2166 -7065
-5289 6226
-2764 9391
9110 -3777
-3596 9290
1619 -2016
-5982 9179
2254 -225
-132 7885
-6202 4341
1355 5417
1206 2339
5491 2330
6683 5218
2046 5786
-195 -6400
-7559 4516
9827 -322
3907 -7344
5901 -5969
-4334 -2481
2015 -316
419 -2011
-6820 -5993
-4127 699
8348 -9052
-3885 3274
7009 -8395
-4397 7412
-9457 7649
3198 348
-8751 5639
-5136 -5204
-4684 -7509
1173 -5063
-3478 6840
6178 8537
244 -3404
-3475 7145
4324 6120
-2157 6393
-9212 3958
-334 7797
9284 5270
5209 9828
6639 2127
175 -8392
1486 8760
-3596 -9477
-8750 -8702
-4540 1493
-8142 -8363
29 2102
1954 -9725
2968 -3722
-9885 -9190
-7330 -9097
8490 6057
-7579 7773
1326 7630
-8680 1686
3477 5217
3294 -5038
3976 -6581
-4515 8948
-5283 946
440 -3425
6304 -5810
-7603 -1742
-1814 5365
4536 -1699
9897 -9074
2925 8386
6983 5346
9879 2030
6696 -8801
-2564 172
-9864 -9271
5135 4112
-2131 -5660
6780 2586
5286 -2780
-7119 1590
1410 -1000
-6432 9596
-1915 8104
1617 -2019
-7250 -5459
87 -6547
9888 3687
9204 6583
8607 -3361
476 8743
-2631 -4390
2854 5238
-50 3355
1545 -1043
-9426 8147
-5733 5705
-2854 -2165
5300 8953
-341 -3084
654 2409
5178 -9259
9583 5065
4428 8787
5369 3034
-4575 -4156
1776 6515
5175 -1650
5474 -4876
-8296 739
7802 -4001
-1115 -4211
-8297 9753
3624 7003
8705 -2997
-2361 3079
9412 -7183
3820 -7285
-8398 1968
-8499 6971
-4999 647
-7186 -9503
883 7989
2569 -3644
-3166 4273
-9185 -1644
-9728 -300
4146 -4304
3173 1490
-3580 5598
8494 4059
-1323 -8375
-9404 -3783
-5660 -7801
8186 -4159
-7110 -6814
-9791 -4295
-2595 1092
-2586 9974
7448 4248
7967 8263
-7396 -8041
1683 -9530
-2344 -1423
1960 4076
-5826 453
1855 6572
2079 2452
-7211 6419
8372 -9026
-4019 -8739
-2119 -3810
-3034 5286
7282 8102
8980 8450
2349 6947
-9568 8674
8906 5836
9144 282
-5588 1104
-5643 2308
-8444 6213
2600 3635
2385 5389
3775 756
-9917 9756
5738 -2035
-334 -3575
-3029 668
-5474 -4049
2838 6875
-3382 3270
9270 -756
2826 8413
9527 -9041
-484 -6117
3267 4794
-6184 -413
2149 9922
-5024 -4077
4398 -4941
-601 136
6745 -7215
6561 -2563
3453 -5193
3388 -3710
-4598 -6274
-6720 -5329
2970 9828
-6916 2496
-9214 6321
-9900 7774
1114 -2363
-2640 -3016
-2441 6057
6628 -8044
-8884 -252
5813 -8419
2533 6094
-982 -293
-9100 -3874
9718 -3697
-148 -3281
974 -3457
-3454 7779
9039 -2668
4100 -7141
-1174 -1066
497 6186
5918 8056
2243 2546
-6268 7080
-7707 9546
-7619 8547
5639 1400
-1747 -9740
-8754 1692
-3437 4820
8411 -8743
-8638 -5044
9037 -9600
6009 3136
-3019 -5166
-4210 7478
-5260 -8292
9254 -9297
7975 -7015
-8497 -6012
-3749 -2394
-7466 -4389
-7274 4509
-4129 -6028
-3800 6155
8792 -1669
7412 -9847
3287 6448
-5725 3016
3304 1256
-8430 -7185
2454 31
-5477 1707
735 -3782
4692 5959
206 -5336
-6436 6461
275 -3710
4690 6146
3984 -9111
6021 2775
-780 3432
6650 -3773
3601 -5355
-7037 625
9622 -5467
3440 2075
4565 -8317
-6219 -980
-2099 -7807
-1301 -8173
578 2264
8289 -9148
-7726 2978
-9282 6258
7589 6739
2754 529
3892 -597
-9523 -2508
7769 -6560
8117 7390
1695 1557
3185 -20
6961 -9314
9000 -5138
-7121 -2302
410 7179
-6318 -1302
8031 -4043
-4603 -7530
-4065 -3294
-7071 8689
-9045 6821
1812 -4847
-1967 -420
-1406 -3850
690 -5991
-8573 -6126
3989 -7892
-5440 6709
-3030 1161
-5594 7381
-1661 1810
-201 90
7767 8917
2560 -2578
-657 9211
-3889 299
6031 7923
5452 -5936
-2497 -2234
3935 8193
5496 9083
-4212 -516
-8810 348
-87 1882
-8492 4320
2983 3568
-150 -7219
-6342 1337
-4581 9939
8759 4762
9149 -5131
-1219 8901
-7208 -2046
-3315 4016
9441 -5660
5929 4937
-2857 -8284
-1859 2054
5786 8055
-6065 -8986
6095 6918
4583 -335
-6580 -8039
-8999 2560
-4380 9760
-2679 -1510
-1650 9824
-2610 4863
-2223 7796
-1122 938
-4144 -1473
-405 2999
3965 -8543
-4948 -250
9512 -1012
4485 9327
-374 -933
-1009 6767
4749 -8
-674 -9631
3472 -9632
-1141 -8179
-9809 9970
-9596 1689
-8515 3003
-3653 -2659
-8470 5943
-9661 9216
7400 -888
-1035 -9369
-8180 -6551
9958 1447
6238 2669
1934 986
-3619 -8740
5076 9853
-8372 -2345
-4605 -4460
-2376 -4201
-9051 2830
8803 -2704
-9830 -5947
-6762 -5770
-6732 -5642
3343 5954
-5011 5163
-6877 -1333
330 9361
-8665 -7736
4068 -2284
-2755 -857
1290 -1127
6799 -9595
8134 -1857
-75 9083
-9027 2448
99 -5136
6501 3338
-905 9769
-8584 -7563
9443 -3594
-8680 -7434
5073 1651
-4353 -9871
7636 9715
1566 -5120
2579 -3424
7474 3098
-3019 5607
-5039 -9373
8410 -4066
3075 -1492
4520 3297
-4434 -6386
6786 -3017
-228 6229
3389 4813
8795 2182
-3537 -5559
2311 -2181
-2123 -2402
2699 -9545
4174 172
3553 -5124
-501 8514
-4497 1629
-1831 -7702
-9863 -3591
5595 -576
3744 2381
6407 -6485
-1391 3516
-7952 1124
-4302 -1488
5565 -8271
-9949 -6559
3048 2751
-2383 -2778
-3357 -5110
5819 9864
-2875 -4958
1492 9015
-2660 5350
-4577 -3344
-5226 9167
9037 -5099
-3598 1366
8418 -1550
-7511 -2164
-9318 -8226
3286 -9266
-1063 -3666
7206 -9726
7277 -6152
-4835 6816
-2568 2290
-8143 8925
1304 2918
4274 -9553
9574 -7232
-6666 -7670
-2330 -264
7417 -192
-8094 9906
7644 -7411
-4599 929
-2956 8059
-9017 -5751
8333 -8020
1818 -6503
8796 9251
9508 -5627
-8105 4532
7292 9890
4979 -9415
-7342 8313
-3363 4049
1769 -5947
-6144 3676
-2320 -8501
9986 3081
6149 -2971
4860 -9147
4999 3192
-7167 537
6690 -8371
3508 9918
-3998 5403
4450 -2986
5293 3149
1321 -8329
