100
22403 -70471
86396 51324
61039 -38065
-28240 -93464
-56648 35727
-60435 -5631
27511 -81266
72119 -16652
92320 58775
48508 -43837
26983 -64003
-5957 7453
37551 -8753
-950 75188
-42170 -8723
24663 80233
-52105 11058
-41354 -91067
72993 -42505
42559 43434
93222 82124
-62198 20733
27947 -90079
31170 20266
-4215 -20322
76429 49857
-57236 -29529
-42691 7404
-11193 56360
-17409 -26273
74726 -92747
81049 -77380
18312 -60306
58643 -81607
-2810 1201
-11083 -82500
-89586 -46192
38233 38361
-36271 96493
-41373 -13396
-23830 62145
-63540 -53977
59706 -6230
53427 75602
77219 63108
-50672 -20967
-2550 -69623
1653 42851
-29929 -39705
61245 -5650
-11415 77251
11851 -73912
-68942 77173
-8461 -78123
73665 -22745
8481 76924
-60601 -27970
50036 99105
65800 3463
74707 -29893
93660 51124
49140 -8891
81501 77882
-66040 78662
65266 22294
-26989 80941
-456 11951
-92972 30602
-83787 -1433
-20432 16967
75822 15138
-79020 42311
87169 71016
-31496 52968
-98433 -56790
50165 95227
21424 -73607
-13664 2924
-95725 20296
-18415 69541
-57411 -18314
-22430 -30778
20726 -15401
26913 36939
10255 -93519
80996 -86834
21619 -98025
55477 8787
80 -76020
88845 1648
94281 -33902
-3126 15704
-7509 10299
-81373 -76145
57684 -72698
20486 27362
-63923 98056
96584 56803
-90257 23497
-79169 19999
1000
621 1354
-9369 -5448
3531 -3279
-8640 6129
7006 -8921
4272 -70
6283 2364
-6394 8730
-4556 5596
7425 -1593
4807 6804
-4596 -2211
-1494 1442
-4998 9090
-4600 224
-4974 6021
-4702 -622
-5707 -7451
6099 -4347
8679 3104
453 6671
-3245 -3265
-966 4082
-4535 4479
-323 -3390
-3394 -5517
-2866 5731
5993 5640
-2828 -9005
8450 2572
1219 -6525
2313 -9762
2853 -9673
-7213 -1049
-4020 -4814
-4224 -9846
-8143 2531
610 4612
-3388 9796
-910 -9990
-3595 9417
-1786 3539
5148 -5793
2900 -3960
-4798 1349
8613 -9859
8546 4646
-5900 5119
8694 -3112
-2209 -5326
5795 3567
-1451 -8628
-182 9159
5985 6430
8955 -1205
-9840 -4641
-1788 -1625
-7381 -2920
2582 9240
3120 -8496
4309 5453
-4634 2854
3820 -533
1694 2513
-9925 9485
7187 5870
3051 -544
7243 -7132
-1385 6948
-6982 1290
-4258 -6821
6649 7675
1554 -7012
-5246 -2144
-7773 7875
-640 6537
3327 8447
3111 -2854
-2087 -1475
9660 -2012
-1991 -9434
-2421 -5220
23 -1458
1369 -7642
-4511 4388
3648 4952
-8713 4017
2627 6562
7006 7381
-5583 -7047
5255 7498
-6790 2303
5944 -9958
-6831 -2422
-1433 -3451
9287 -9703
837 -3135
-4923 -9141
9128 6447
-3062 -5384
4555 -9415
9569 9563
8323 5916
6124 9049
3296 -5739
-4277 2272
-8242 -1067
-5426 -8578
2696 1464
-1000 -5016
8014 -1713
-4719 -1150
8873 358
3430 8001
525 -9633
-7384 -1200
-5327 -4095
-1638 -3284
-8180 -1794
-4235 8838
2467 1488
1109 4225
-5859 9404
9369 6838
867 -1632
-8179 2601
-9625 823
-8550 9249
-5099 4880
7249 9148
8968 -6415
-2053 -2639
3212 -9970
4078 8753
-1764 9843
7590 -9297
1330 2419
8649 9192
1822 8017
6029 -3590
106 -8430
9011 481
6114 -9539
-271 -8985
9062 698
-9838 -8250
8005 1830
-889 1216
1860 -6812
3689 -6183
-3249 5000
-5480 -8199
-2582 -3111
-9007 -7039
-5094 -9258
3092 5012
-3966 2102
-787 -7853
6284 -7337
-3117 9067
3361 -2955
-9184 1365
-7404 3648
-3699 8177
6837 -6289
-8007 -2692
8711 234
-890 -3872
7124 103
2810 -4250
4566 -4099
-5518 -9401
-8276 3695
-7253 -8272
6358 3351
-9206 -281
-9604 -4669
-5196 -3287
8980 4827
-5111 9537
8538 -3117
-3156 -9032
-9163 9675
817 -8319
3498 -6373
-2569 -1936
3249 1913
-1337 4973
-671 5131
-9578 -4314
-1518 -5063
9126 2599
269 -2349
9312 2969
-3802 -5800
6226 -1544
4804 -3210
-576 9363
-3535 -9760
-8957 9963
-6133 2196
-1974 -9163
-2171 -9590
5810 7158
9262 6232
-3435 1464
-8831 -4310
-5938 5159
7062 -2906
1848 -6741
5016 -1927
1715 3540
4863 -8862
2902 -4952
-8621 7667
-4989 -1033
-138 6758
-196 7691
-9112 -665
8570 -9850
-713 -4866
1614 4177
4545 9398
-665 1607
-3509 -8818
4866 -8494
2976 -3419
8768 -2161
1440 1669
2887 6540
-665 -8382
-4493 -7083
-7903 5311
-5671 -7015
-1634 -7102
-6865 7654
1753 8471
1830 -3703
7868 -5114
-8376 -1921
-211 6491
3307 -7235
-3208 2074
4325 -8048
-2537 932
8493 6799
2551 -6001
-6564 8369
-6970 -2235
-8647 1397
4384 -1790
-950 -3864
401 -5400
6155 1989
-514 7779
-9933 9276
7990 3374
-7960 -1498
-832 -9915
455 6632
1017 -1053
7151 -2712
6667 -9414
-4344 9697
-1648 731
4814 -3544
8941 -6137
2593 -659
-1536 2468
-8671 -8330
3967 -4883
-9055 1957
-7788 -3294
-5821 1380
-3209 4634
1732 -8471
-2699 -1118
-1183 -6033
3190 8195
-6336 -4738
-1075 -7802
1718 1586
-3938 -1969
-9074 8247
-9502 -4024
9917 8187
1093 -5417
143 3305
5010 4322
-1594 -4478
2677 -9863
-2949 9978
2741 9589
-6055 -4070
-8497 1330
1192 428
3528 -7091
-7987 -6690
941 -3340
-4723 5160
2636 -1085
3346 -2550
3498 -2791
-5525 -1493
-4748 6602
7750 7929
6740 -5200
-8374 3201
-1890 -708
9131 3334
-5658 322
-6238 -8409
6952 -504
-5099 1613
9878 179
-3227 6234
9094 -6161
-6317 6312
4770 1880
-1461 -9979
-1519 -3711
-8330 -1059
4810 -2983
-7859 -3360
6310 -8729
9975 -9349
5314 -2543
-7758 2266
6953 865
-2401 -9450
-5236 8093
6785 -2422
-8068 -5812
-6111 -9578
6068 2428
-9557 -5451
-7563 -4166
7211 -9032
2851 9353
-2392 2881
-5656 -2418
7254 -6621
5039 -6784
9366 5713
4081 -3036
6263 8845
-4943 6768
-3578 710
-9044 4032
1132 7024
181 5296
-4707 6339
-8871 -7496
7307 7701
-4423 -5085
582 3642
6218 1556
7021 4978
4772 6386
4411 2574
-6650 4394
1418 2128
1162 -8439
-7163 2118
9314 3969
2862 -506
-736 8156
-4167 4114
-5620 -6861
1814 -43
1775 -3884
-6402 -2007
7672 -5660
-3309 2444
-9275 -8899
-1262 -2204
5495 -9845
9924 -3344
-4563 -7240
8774 -1528
-9551 5357
7966 -287
3512 -2481
-6174 -8388
4380 5641
5290 -125
-4523 -7392
7868 -6851
-3052 -5442
9314 -2326
-620 -1949
9191 -5125
1927 9115
1531 -8915
-4405 4026
-443 -3955
-618 1243
5758 -3386
-7517 -6695
-1774 6863
-7334 -6485
-3263 -1857
-3877 -1674
5013 6793
6605 8047
-1813 -4015
-182 -2623
860 -4534
-3509 -3889
-3449 5808
-9864 9829
-8148 3239
1071 -8670
9853 7275
-5365 1799
4137 1022
5314 -5405
9166 -4842
2921 7899
-8050 3246
5946 137
9231 -516
-8766 3811
4950 1447
9923 -4779
-2746 -6221
-4951 -894
-9261 9842
4157 -9409
7116 8793
6112 4974
-186 5146
9569 2700
-9697 6210
599 -4026
-545 265
9832 -1314
-6531 -8934
-3783 8420
2513 -3861
-6360 9767
3640 2411
2593 4379
5973 -3251
8691 6809
-738 4802
5503 9077
-52 5071
5497 3972
5001 -184
9947 -5544
-6199 -6502
6863 -2729
-5436 -6921
-4310 -9203
2940 3051
-9437 -3421
-818 3156
-5322 -1125
-6374 -6632
-595 2888
8171 -5093
5685 1839
-6301 4903
-4190 8700
-5282 -523
-3124 -1480
2976 -6262
9512 -8740
539 -1078
-7942 -6522
-4307 -3658
3778 8597
-6781 8456
-2529 -3155
-4456 -9404
9733 -2565
-4496 9139
9274 2924
4041 -1195
1623 8759
-7998 -7780
999 8699
-321 4231
9960 -9783
-6848 -4262
-2584 -1154
2080 -5086
-2558 5299
-6631 8634
-4136 2635
9231 -682
-9931 -1545
-1544 -6936
-8622 -7504
5590 6722
-5025 7592
8942 9696
6291 -1379
3926 9971
2559 7079
-571 -6304
-355 -8492
-1390 7087
-9472 5701
5720 -3608
-1665 8671
5710 2125
-2875 -2114
5189 -1497
4103 778
-1054 9079
2091 1608
-7506 2102
-6051 6420
2072 6509
7219 -4779
-9796 -3137
450 2535
-2330 978
-1765 -2889
-8909 6570
-498 -9479
2416 6628
-1592 -2396
-1149 -7490
-7897 -8483
-4691 4194
3126 1524
-3705 7075
1665 -7913
3583 -1117
-2692 7508
9468 7758
43 858
2457 8278
-8311 3548
8569 1192
7790 984
1540 -3803
-7692 -9610
2429 -5589
-8092 -8542
8605 5034
2983 -1380
5829 -5353
707 -588
7251 -8265
640 -9562
-6786 -9318
5018 5671
-7319 6707
2939 -5030
-2102 728
9675 9438
-9354 -8018
-6451 6796
115 -822
8254 2440
-2068 4957
-8940 -6240
-6676 5488
6893 -9425
-9056 -2467
-5266 -5842
1936 9752
9829 8338
6459 6488
-6693 -1923
-2785 -3298
1236 -2139
-1315 4785
-5344 -7480
-2317 -3369
4960 5615
-8413 6020
9375 -5088
5229 6268
-792 6173
-6200 7663
-9670 9457
7415 -6121
7795 7594
-5913 -5178
-4330 1302
1525 -9374
-7116 -6070
9132 1261
-3550 -3186
7892 -8591
-7572 -6800
-8850 -4476
1833 6379
-8209 -5239
6272 -688
-7577 -9678
2489 -6442
-2078 283
-8849 2009
8827 543
-2969 351
1169 -85
8002 4022
-5103 -5549
-9165 -3491
-419 -3015
-291 731
2509 -4738
830 8021
3744 822
1053 6168
1144 -6459
9726 -7214
7546 -5402
4795 6372
8862 -8174
443 3751
5462 -1556
-2228 -9642
6616 2329
-3132 -3804
9314 -9703
-9352 5543
-719 5199
7284 -6976
-3979 -1664
-7088 -9115
5598 -7362
-6328 3143
957 -7813
3235 -182
-5987 -6323
-6432 -6804
2121 5062
-6446 -1264
-2610 4143
8654 424
8162 9302
-4034 1163
4500 -3030
4187 -9480
9027 7100
-8594 4624
-6542 -1201
1488 4415
986 -5278
-2047 8721
-1600 5242
-8084 -5759
303 -809
6699 7693
-2945 5352
-1884 -4784
4653 7803
6379 -848
-5228 4286
3394 -2481
5106 8521
-4136 8564
-2681 7352
6699 -7975
-4206 -1628
-9255 7915
-6386 -7339
-4123 3917
5574 -7425
1610 -7372
7927 -6554
1565 2579
-8751 1664
-4549 -258
-4051 -7435
7262 -8945
-8915 -3154
-6661 2125
-2082 -6241
4151 3712
2131 4896
5348 5745
-8722 -8776
-338 -9428
-6201 -5008
-6800 -8275
-1562 8486
8025 -313
149 -2804
-6850 9819
-238 -5868
-5406 4568
978 -2066
414 8896
1693 -5436
6328 -6177
-6820 1675
-6711 -1821
2899 2951
-1249 -9582
7943 5672
-4136 -3620
4157 -2391
9789 -5695
4806 -3341
-2155 -1712
791 2439
-3424 -8232
-5907 6990
-5616 9507
-4726 -5568
-2949 2176
6108 340
-9646 2727
-6710 2827
6867 -5047
-1502 -7270
1333 -7345
340 4842
681 -1134
-8500 8526
-9126 6012
4686 -2550
7780 8779
-1839 -4116
8286 7156
317 -4664
-669 145
5676 3407
-3408 -7314
-3767 -6542
-2361 8452
-3811 -7308
-5173 -9751
7535 5509
2836 -7245
7755 3710
8768 2440
-5120 -9733
1219 3041
-127 -496
3918 -6090
8561 -6752
4055 4236
-9625 -9354
6922 329
-2174 -1719
-1219 7736
973 3608
7985 2228
2837 820
4984 592
-1750 7472
-6969 3130
7739 7971
-108 1332
-2526 -6191
5242 -245
778 -704
-6010 1154
3664 -5368
-8518 -4790
2913 3984
-7055 -2393
-2408 -5350
9835 -5851
9191 8539
4741 -2560
6010 -8507
-9431 7470
9464 4182
-1199 -3062
7991 -2236
-9587 -1231
-9220 -1875
-6357 4444
2757 -4875
9654 -609
9110 -3681
-9282 422
969 -9448
4571 159
9092 3033
-8681 8822
4526 -4390
-9989 3989
9792 -1187
-9074 -8497
-9703 -4939
3993 -8923
3186 7636
5522 -4058
-3519 8896
9054 -689
-1064 9772
9733 9905
-5955 8025
3785 -6864
1057 8825
-4322 -4418
-5566 -4310
9571 -5774
8224 -5782
-550 8521
-721 -6558
9598 -7536
-8923 8840
2127 -2442
-8544 4902
6870 392
4673 -9678
4017 8718
8347 1522
-4426 -597
347 4974
8706 8502
-9337 8277
-7273 8887
-3785 5898
-8873 5494
9340 -9276
-8322 -9584
9565 3805
1696 -5259
-1294 -1435
5133 -2900
-1113 2870
-462 955
-5608 8834
-5922 8460
3807 -7216
6961 4470
-5219 -6591
7077 996
9307 8204
210 8647
8928 1888
-7217 -7788
-4308 4479
-3047 8120
-6957 -4194
-1060 5652
8677 8478
327 -3211
7311 4405
-4752 1117
-9091 -4071
-693 -4310
-662 104
-9594 -1355
-1693 616
1012 956
-7497 3795
6889 1917
-1726 -2437
36 5038
7090 8976
4410 9487
-8827 -5264
-3725 8485
-7138 5244
3322 -6229
-8827 -3650
3183 4232
6454 3589
-3403 -1518
-5795 7609
9438 -3292
1404 -9954
-7655 -6602
-2391 2381
8436 -5301
5077 2846
-5815 9972
-8698 4182
8456 -5836
-575 5498
1657 4319
-4432 -5161
-1449 -4257
-7852 5148
4225 -3647
6478 7383
6783 -2119
7429 9128
5000 -4962
5230 7156
3458 4027
1 -8637
3998 5025
5545 6174
9189 -5030
5393 4566
-6991 -9040
-6875 1560
424 -4726
429 -5352
5348 -3094
-7970 5851
8508 -6820
8700 3507
1939 7650
662 -4604
1676 -5616
-3241 -605
9409 -7696
-4432 -7683
995 -5319
-9396 4004
-637 -6271
-715 9787
-997 9714
-5565 -1928
-3381 186
-6078 -4874
3366 -7379
-7647 -4696
-6009 3015
4421 5668
-8881 -8820
-4938 -9473
-2795 4351
-3434 -8080
-7247 -2830
5924 2116
4620 -1071
1902 -2656
-1358 6337
5416 8982
244 -6942
-5893 -6391
-599 181
2635 3392
-6804 -2945
-941 -5685
1956 7842
-1436 -7119
5914 8851
-5199 8667
-259 -5554
782 -5640
3375 -7317
1704 -4262
-7259 840
-5281 2985
3899 2548
-9686 -6701
-7272 6670
6691 -355
-6275 -529
7682 9402
1033 -34
-7717 -3054
-1184 805
-667 8557
8972 -6165
-3363 2347
240 -7938
-8195 6702
2902 -3476
-314 -3200
-7208 3721
99 -4479
391 -3210
5166 7837
9982 2847
-9042 1014
-7188 -6759
-8319 5349
7768 1014
7626 6739
4850 -5737
2806 -4911
-3675 4611
-8210 -7053
-5144 5197
-252 -2352
2638 9847
6890 -3251
357 2056
-5415 338
-1377 -735
-4927 5157
2506 -3246
505 3994
7768 -1869
733 6338
6115 -2741
-4853 -3840
-4409 658
-893 4168
-425 8855
-8185 -7787
-7578 -7574
2683 6500
8203 -9011
-3162 -3175
254 5632
-4298 -3520
-7615 6208
-9526 -9848
-1941 4928
-9789 -5827
