100
66970 -54477
84702 -8078
90732 -66478
-58052 -57404
97999 58010
96152 86355
77578 75963
-1330 89262
16923 97343
45551 -41643
37 6979
88213 -56549
-5876 71227
-2045 -38007
-36313 -86638
-37134 57746
85976 74657
-50333 76707
35268 -8385
46392 33266
76714 42543
-53291 54292
18505 45380
-29358 -64572
-30189 43282
-6215 69848
-49740 -18003
40388 44384
80313 -61658
33466 -56001
78795 23421
28834 64770
-1923 78501
-31435 60434
97205 -85044
-79211 1007
-15412 -32502
82388 -96907
39967 -46971
65611 -90223
96311 86485
79625 73660
95571 -52899
18043 75883
-14556 -48492
46971 91328
74929 -24196
-16814 -99906
81394 -21160
-12382 78598
-6204 8407
-20396 5473
2994 -38008
8566 -57039
-57890 -98735
79828 65511
87750 -13458
39170 83320
33643 -42787
-13709 46176
-64190 60351
-35408 37829
-63846 47778
-34988 -82453
-73383 52630
23234 -52498
88126 29928
52976 -81791
19009 88631
88260 61119
89897 68087
26629 4735
-45372 92889
-11945 15361
77191 1435
-38464 -87000
-38214 26129
-22082 -74971
-99005 42931
-57423 -72387
-77351 -7100
-97796 37865
-77173 55180
56074 -31075
-29100 44333
-69956 -39204
12419 -16238
-7380 -5863
-23350 80675
36587 -46160
-90801 98123
93931 -29015
-48660 98938
-3986 -47664
-31043 -34320
-92962 -81304
-14330 -90758
56561 -64414
-8488 12634
4512 62412
1000
962 2303
-1906 9189
9377 8001
6924 -7814
2960 -2670
-3275 -8919
8717 7684
-6675 1774
877 -6643
4271 -8297
-9208 -3945
-1841 7162
967 -2465
586 9086
3094 -5923
-9318 -5945
-9900 2497
-6756 -6802
4218 -6112
-4616 -2823
4940 2109
1979 3656
-207 5304
-4571 -5610
-7618 -6579
-3907 -3105
3197 4253
-5944 -5837
-4492 8363
-6752 8603
-3839 -2349
-7343 -3739
-9853 -378
-541 4366
3511 8564
-4737 -1550
673 -9037
-4174 -5814
9988 4976
-1424 -7631
-7883 8390
2985 5315
2642 -9239
9478 8151
9125 -3553
-9527 -4715
4098 -6870
5267 7967
6474 -1553
2332 -16
-2990 -8685
-7846 -8597
-7722 1701
-4411 -7734
-3324 7886
-1644 -1206
6276 -4938
-2171 -1083
-4177 -2694
788 -1332
3753 1261
3953 1572
8113 2941
-462 4586
-4892 -8131
-1710 2118
-3095 444
7243 2905
-7856 -7169
5171 2541
-5562 -2753
-8666 -9287
2309 -837
3351 -8147
-9810 -2140
521 7664
9121 -1805
-765 -9047
-8865 8773
5539 -3757
-5638 -6172
-7919 1268
7993 9324
-5828 -6143
-4124 -6937
6399 4035
4031 -8547
4748 61
617 1819
1914 4528
9679 -7566
2191 -7480
629 -4853
-6527 1764
-6081 -7267
-8273 -1718
282 -2470
-6730 -1725
574 1163
2132 -9830
7947 -1470
4205 1977
-16 -1048
-7963 -5679
-5508 3951
-7431 -5830
6386 8481
-3310 735
-6373 3885
-7501 1268
6618 -2053
-6730 620
9198 -3460
8895 -228
-8577 4748
-58 9370
-3002 -2132
5067 6982
-9460 7105
-4977 -4968
4776 1313
-797 4882
-206 9614
-4383 3421
7219 1837
-5312 7557
9784 -2042
-1823 -7298
8219 -2929
2474 9642
-4461 -3864
-7269 2538
4004 7799
3240 4545
4903 -8016
9577 3399
3297 2500
-1719 -6910
5835 7619
-9768 3053
-545 -5080
610 2959
6600 -7493
5661 4818
-422 -1866
8181 8839
7992 -9089
1376 5716
8710 -5385
260 7333
-3401 3558
4453 9897
-222 -3546
-3293 -4388
-5928 -3061
-7614 3527
1860 6717
-3515 2180
9224 -7854
718 2522
4001 -1102
1360 5713
3531 -7265
1429 5961
1072 -4591
7015 7671
8967 1467
-8713 2466
7921 -2005
8078 -8008
8655 -5816
9240 4235
-9100 -4276
-3586 -6156
1591 7133
6367 -687
-249 -2274
-4975 -6719
4183 6454
-7037 -4746
-4416 9978
-3355 -1729
5165 1654
-9264 3085
-6631 -7465
8798 -7977
-3281 8037
6259 1341
-2519 -3607
5185 9073
-6475 5272
-1615 6998
-3281 7131
-6001 -5378
7306 -3038
3597 -7111
-3061 -6038
1160 -7897
5616 5618
8909 -7295
8153 7706
-5271 -1408
9463 -5292
9933 -3056
1101 8839
-263 8348
7831 -8158
5345 -5451
8973 9344
2892 9999
-3694 -3512
-3392 6966
451 7769
-7210 -213
7107 -8302
2493 5259
-6875 7222
-2429 -3692
-4350 -2496
3252 6751
63 -7012
5098 1614
-1449 442
9885 1245
3507 2776
1243 9813
9265 7852
-9502 3436
9341 -6712
-6778 6447
-5013 5715
5426 1833
6657 -7004
8141 -7694
4221 5114
-7222 -5717
-8178 7876
9619 374
2039 9503
-8382 -4455
2278 2861
-922 5263
4433 -424
-1302 3773
2865 1921
219 -8428
-2365 -4356
7126 -1987
-1359 8987
4040 -7139
4100 6818
866 5923
8415 484
-3704 453
3707 1635
9719 -4016
-5505 2517
-5032 8929
-4187 3666
2701 8678
-693 -3359
-6030 -9337
6006 -5184
-1324 -5354
-6197 -7285
1229 7903
9534 -7906
7546 7948
6299 -6159
2121 5
5476 5560
9710 -6308
1797 -5323
-3659 7610
-7936 -7238
-9992 1371
-597 -6022
2034 -870
-1205 -9291
3776 6319
-2854 -1275
4221 400
4540 1767
2068 4559
9329 -5812
-5437 8526
-6532 -2006
-7783 5265
6392 2279
6595 8456
5041 6603
3548 -1835
-9419 -4419
7295 3097
12 4791
3136 -9122
-6484 -2644
1278 -8224
-7157 -6655
6336 -4107
1254 -5381
-5582 8443
2613 356
3707 -995
-7366 301
1181 -8605
-3096 -1551
-440 1206
7752 -3146
-1977 1484
-8355 -8842
2362 -1118
2235 -6361
658 8800
705 -3007
-5308 -8042
1613 2831
-9600 -2054
-6814 7828
-9329 -459
1849 5574
936 -7527
-5978 -9504
7400 -8227
1071 -857
3257 6437
4022 -4382
-4682 -3743
2978 9698
-1223 -2597
411 3469
3082 -4256
-3701 3482
3691 3206
5030 8083
-7254 600
3656 3682
6794 7679
4178 4194
-6828 -4751
-6664 6430
-4594 7359
-4232 725
-2664 -7533
4143 6113
-130 -5447
3302 -7048
298 9601
-9846 -2291
2806 8906
-4209 5552
-495 9448
2954 19
-9154 853
-5788 -5982
9823 1270
-5832 -4772
2349 3658
9674 9685
6125 3816
9518 -285
-7910 2819
6388 6109
6140 6543
-6183 2666
9169 3329
1938 2394
6497 -5109
-7588 7343
5744 346
-4918 5566
-8385 2971
-5485 3964
-3372 -5812
7369 -7248
8005 -9394
2468 -9906
7146 -1145
6203 3285
-882 -6260
-329 2007
7069 -8392
-5600 3566
-3501 534
4629 -4036
-9121 -6569
-4750 -3785
6403 -235
-6101 -6970
3954 -5012
-496 5679
-4406 -8029
5773 -3540
4547 5696
9745 -2614
9436 -585
-6887 -9776
4744 1235
7511 -5037
-8232 5861
927 -7353
9292 9899
2583 5694
-337 6482
-7555 -2663
-8531 1949
-6985 -2937
7641 -7492
3523 2187
8204 6988
-6707 -8641
123 -3593
-4695 -1413
7642 -7185
3550 -6870
8676 -1802
-502 7968
-1904 -7920
7382 7759
8562 9827
-1183 -9970
1775 1832
814 -585
4341 -1943
-4677 2544
-4956 2337
7625 8888
-7536 -7071
-2526 -9895
-4256 -8977
-6765 -1859
-779 6454
-171 -8963
8534 -2790
-7483 7095
758 1334
7125 -3747
-6835 1659
9390 -8774
9716 -1567
3771 -5241
-9231 5116
-2633 -6766
8045 4841
-2940 -2491
9586 4017
9371 2527
470 -801
3565 -996
-9870 6082
-181 4609
1136 665
-5418 4301
-7677 -6029
5528 -7961
6125 3019
519 6895
1855 7887
-6151 3620
6448 4630
-5151 6033
2367 -5780
2281 -7163
7140 -4155
5562 -9010
-4353 -4620
5599 -9497
6045 -9819
4804 8369
-2127 4052
-5872 -6002
791 4647
-5387 -3634
2533 2183
9986 -1019
-3188 -5165
-1266 9180
2776 -8986
-4263 -85
580 -4981
906 6227
4120 225
6730 165
4127 5255
2254 -4279
3027 6382
3440 -2461
1028 8053
3905 -2718
235 3891
6263 -9233
-7554 -1283
-6333 5222
-268 -596
-1143 -9689
8144 -6517
-9741 2264
3709 -9291
-7572 1556
9685 8403
7277 6433
8505 4437
-6029 3253
2489 -8404
-9466 -3556
9208 -9483
933 -8347
-765 4600
6875 -7313
-2275 -547
-7002 -4132
2936 -3022
8132 -3356
1409 -5720
-8079 1093
-3597 -7082
1246 -5093
7356 8938
-8119 3565
-9466 -7585
-9991 9742
-3346 942
-4884 9610
-738 -4289
-7704 6987
5164 -985
-3424 -1900
9715 -5293
4744 1123
2709 -9615
-4064 9112
-6696 7183
-2260 -5620
6120 -379
7945 6654
5757 -8326
-9884 -3869
6337 -4768
-4260 -4401
943 1757
-7415 -3893
-9228 2882
4207 -9514
7590 2671
5330 4019
6778 -8735
3130 -9919
8448 -5410
-1818 4568
7932 -3874
4942 3689
1522 5058
-6460 -2142
-5990 -719
3457 4954
-8963 9764
-5219 -4470
2645 8988
-263 3955
5379 -4934
-2027 2156
-3668 -5176
5958 -5221
3135 -2140
-6933 1067
3987 -8270
-1524 -4492
6788 2016
7087 -5481
-4983 544
-6807 -224
307 -2026
5306 -3328
682 -1236
-9373 -219
3830 2321
-8063 -9839
-9135 -8385
-1338 4001
-524 5450
-4933 -2817
7180 7264
6412 7689
-721 3498
-7793 4297
-5959 -4600
-2207 8069
7095 -6902
-1538 -2224
1862 2810
7557 -587
-4870 -6786
3295 -283
-5170 -8044
-6283 8027
-8873 2505
-4791 8307
-232 -4659
9716 -7233
8839 -4357
-9216 -3399
1043 -1423
-1610 -1863
1676 6852
9634 -2742
-339 7191
-9609 8513
-5875 3687
-1771 -1045
9364 5667
702 -9510
-1829 5911
-7482 7939
-8749 -7767
-5574 -6189
-2123 -4789
412 -7360
3788 -7478
4499 -816
9375 4132
-9837 -965
5043 -9446
1268 9169
4241 9497
1844 7326
5163 -7454
7816 -2946
-7823 -5946
-1287 -2850
9 3140
961 7886
8351 -4907
-5754 2138
-2385 -7535
-8678 -3011
-9682 -8515
9746 5361
-4240 4734
8250 -9999
4231 94
7327 3114
6361 8863
-9832 8538
-7083 2602
-4313 2926
-4259 -9632
4532 -5909
-4539 -7502
9951 6798
-5036 -5007
-6214 -4718
-3522 -2748
-5637 5959
-8014 -7387
9681 9938
6428 -9273
6772 2788
9591 -9340
1325 -3772
3263 -9267
-7126 9004
-8899 -8874
-3184 284
-6376 -3234
-2919 2309
1759 4588
7591 -8043
-4439 -4325
7916 -2453
-1712 7597
1205 -1564
8324 1697
-8777 -8366
2358 6269
-2138 -4380
-9278 736
-1656 -4455
1862 5160
5829 9208
-4354 -3370
1516 7405
-8783 2828
-6918 -3222
8503 -9002
8046 511
-7685 -750
-7333 -5641
-5332 -6110
-4006 7026
-6121 7577
-3634 -1677
-1687 8431
3868 -6105
7312 3417
-3177 -7043
-9954 8340
-9638 -8737
4888 -6556
-1958 7111
-1837 -192
-2379 478
-7221 288
8559 -2553
7899 -5448
-5528 -4502
-7872 4559
3821 4162
2989 1409
-8222 300
-5175 -1399
6979 -5129
661 -8939
-144 -4452
-1774 7898
-7342 6390
-2295 4000
588 484
-1992 -854
-8349 -4094
7419 -156
5126 9548
-5598 2667
7430 -8888
-5924 9208
5133 -1099
-2191 2111
7494 -7810
3172 -2651
-2261 -8602
-1033 4118
-8492 -9608
1839 5817
4598 9847
-5037 6249
-526 -7619
-3907 -5401
-4351 4216
7266 -6921
9049 -8659
-7714 4182
3964 3816
13 1457
6007 -3094
-7474 -2534
2025 1493
-4696 3533
1885 7143
3070 -3518
6990 8033
-7269 -3537
-5865 -1176
4783 3505
-3240 2048
-9696 -4191
7111 -7409
-6289 4795
-9873 3724
-28 9855
-5650 2498
-2680 6375
-6010 6346
3628 5875
3488 -3302
-3922 477
-1549 -1191
-9340 6307
-8647 5443
-188 -1887
1212 116
7643 -1678
6428 -8647
-6884 -9724
5078 3088
-9870 9428
-4415 1172
9524 3296
-2483 3151
2891 -5275
9849 8969
5203 2021
-2223 9584
-1673 2851
5027 8139
-5315 -3762
1976 -7673
8281 2124
-2598 -8604
2400 -3800
8205 6252
-652 -2490
-2577 -1129
-9195 8661
-4257 3696
-6615 -688
6386 -7692
-8668 -5838
-8108 -340
-9266 -9361
1519 -860
-3123 -6506
1467 -4843
5619 8869
274 1739
-1211 -1522
-2010 8138
9709 9134
-2992 -5766
-8486 2751
7930 -5100
-7937 4315
929 -6605
-7802 6542
6776 -3347
7181 -1705
5793 -5943
5510 980
2935 4849
3570 -6792
-3412 -7642
5407 8299
-9505 5115
7433 -2496
9349 8947
-6025 -9001
-2433 -241
9035 -7783
3155 -5047
8759 3651
1606 5940
-8055 1119
-6283 -8824
-7901 6653
6025 5669
9861 -3667
-8253 8989
-5368 -7757
7824 -7936
3468 7173
-5269 7443
-8108 2299
-2798 -5353
4516 -5923
-399 3274
-8552 -5073
2934 -6606
6047 6652
-1709 -8134
3304 -5685
-8745 6885
649 -6998
5873 9002
-1034 3697
-8935 -3846
4590 -4204
-6403 -9798
-8185 4520
-5151 -9949
-7683 8171
7047 -6235
-6902 -20
880 -7135
352 9171
-1548 -6345
-2793 -293
-5739 -8424
6430 -9867
-9423 -883
7551 -4637
5271 5861
4880 -7412
6063 6696
7108 -9088
-9533 -6855
9083 7514
632 -4099
1215 -8489
2487 -8434
-5597 -9062
-1057 1610
4366 3204
6907 4517
7058 7484
-6367 8330
-7154 -7376
4190 7726
-4787 253
8142 -3959
4886 8610
-813 7689
9844 9819
-2689 1058
-4950 9798
6346 -547
-5543 -4712
-5217 -7457
8492 -8311
7060 9270
-7107 -5587
7599 -4261
-2962 1789
-6535 2251
-4238 -4673
-7988 -5632
-6064 1199
-7944 -2499
4738 3088
8559 -6491
6607 8625
6683 -8937
-6088 -8534
-6394 -3876
-3124 -5613
-4606 -230
-1200 -3287
5509 5838
8502 -7306
1809 -2016
1743 3822
2352 5679
-1259 8130
-6821 -2800
1217 -4541
709 -2177
-5917 -2609
2607 1717
2578 9935
-8439 9455
-5679 676
2945 3121
7390 2174
2680 9612
4869 -1791
-2404 -3389
-7970 -6332
-3990 4493
-4482 2911
-8308 6736
-7910 6122
-1721 -106
-2767 -5393
-4669 9812
-5459 -3107
-7014 2583
-8711 5931
-4297 8679
-1896 -7897
-7989 -3307
313 3328
7025 6064
6996 -3244
556 -7486
-6613 5969
-7030 -4523
2090 4970
9092 9324
-6703 -5577
-7145 1559
1316 -4159
-5859 2605
-4508 3566
5005 7317
5669 7016
-5990 -298
4064 -5245
-4234 1059
5232 -9958
7294 8619
6012 -6016
-5905 -1899
-7325 -6813
-2576 -4028
1331 279
7532 -7354
9841 -8328
8972 -4668
8959 7697
-3630 4628
4712 4101
-5671 2496
8856 3816
-6445 4088
3859 -5431
6427 -130
2275 -5757
-8309 4950
1151 2837
-5358 -7519
-3164 -4106
-1152 -3323
1288 -2181
5730 246
-763 -7901
-5127 -6052
6200 2924
6445 8777
460 -6280
6585 -1961
2010 3011
7909 -5716
7254 9601
