100
-62639 41115
41947 576
29093 40776
7326 73857
-33534 -94749
-47995 -60073
-65517 -77047
-14994 -87719
-38358 59954
15928 -8916
-39771 -10149
57407 -79577
-37537 -35621
-32444 -38270
-24915 58414
65307 12446
-73383 7253
-86978 55711
75118 20348
-43344 -58417
25599 8661
-18490 -12829
-41297 -6395
-73459 -52565
-46441 42470
38519 -59123
59410 -76986
88390 -78128
-85518 -44054
-16398 -10433
41449 75998
-97987 68067
-89661 42125
-49134 85457
-37528 -65389
-72960 15160
-29638 -64361
29420 29065
29245 -16950
3589 9893
52609 -57893
50770 12018
92212 -33752
33890 -93307
22194 44581
-76650 90733
-52333 52453
-14112 -41994
-5423 36754
-56537 -15862
71365 97593
99298 -58274
-66769 -44194
-2119 -10435
38856 -98531
99458 -8535
70667 -22684
30572 62878
43565 91552
-3340 92848
36132 -52901
10669 10889
99552 96557
68895 -5872
33310 39447
78266 4675
-35872 4652
-26510 -75551
60458 71371
14014 -73597
-70 -59439
-55043 -29404
17877 75529
60563 88531
67080 84312
8468 -69699
-68589 -80864
41190 -69038
-84307 -62827
25091 49003
3710 3356
80767 67838
-91992 81347
92287 -4445
52717 -66610
21958 -47354
-26049 -5996
-49669 18917
-30467 -89107
-65463 63702
95206 43005
94003 -73384
62141 -37719
84668 77834
-73456 9758
-46074 30254
40204 61782
-74820 48212
43128 44557
70856 -4155
1000
6247 -7449
6930 -3741
-5509 -2635
-8066 6739
6971 2963
-9146 8474
4509 3055
4107 6710
-6627 -8882
-2955 -5207
8669 -9001
-3710 9697
7963 -9025
-5260 5453
-8309 -3723
8908 -8342
-1172 9559
-2083 7040
-3077 3573
7500 -2386
-3465 8354
-3912 -5235
1408 -6085
-4805 4781
-4967 2240
-6706 -2577
3240 -416
-2881 4923
4281 1860
375 5972
-8143 3004
-8649 4406
6283 2989
1445 -6795
-3439 -1056
819 6818
-2703 -9373
-8418 8706
-5457 -3223
7207 3297
-7263 -9499
-9281 9698
3806 1560
4620 -1914
-2860 -1284
-2221 -1003
-8281 -870
-2877 8002
-4161 8568
-5073 2401
1233 9467
-782 8530
-6185 4521
-9045 2079
-8703 -8117
-4625 -2245
-3895 -184
-2547 9911
-4904 -7928
1718 2236
788 9497
-5047 6228
2347 2076
7950 8186
4364 -7124
4307 -4404
-3936 -6476
-5874 -121
-8235 -1198
-8043 -6938
685 1053
818 6790
-5411 -8009
-9579 -315
-5937 2139
-8080 8573
1635 594
4800 -2298
-7331 2750
-392 7034
9347 -6085
-3650 -869
1160 4197
9010 2926
-7001 -5313
9709 7405
9462 4247
7916 -5950
6238 8337
7457 -5978
475 -6903
-7406 -4170
3692 7394
3532 -9919
3864 -6861
-9165 6932
775 -2814
-3938 -8065
-8618 -1207
8582 -5619
7201 8290
-4493 6662
6258 -6578
-5567 2495
-8242 -8111
6517 2233
-5014 9111
8063 8678
-9775 5315
8760 4089
-7826 9595
4741 2950
501 -5476
8606 1884
3317 7187
9986 4238
5476 -4508
900 1733
-1086 5333
-2051 672
-9058 -5535
-3375 -4072
-2703 -1592
-5394 -2478
-2557 -2914
-4669 -382
401 -6207
-7433 -9098
-1683 -5107
2786 -4646
-7921 6492
9592 -8725
-8016 4212
6730 4619
3265 -5322
-988 4207
2864 5637
-9865 -6119
-2234 -1538
5124 5209
5548 -9545
-1453 -4052
-2031 1114
571 6286
6007 -6644
-4640 -8194
9849 -1328
-6918 -4447
-7116 9812
-9829 9870
-1790 -817
4077 -5206
-1459 7933
-1324 -9973
-3606 -6201
5236 -4338
-2025 -6217
5331 5944
8618 -4098
5950 8346
2979 -4970
-6128 6548
3703 -3046
-4179 6587
486 -4007
-9824 8696
8897 7974
-2789 -2563
5906 5887
1185 -3980
9686 -3579
5403 1382
3925 734
-2675 6263
-9644 -3004
8329 3335
2026 -7799
3604 -4272
-845 9425
-3965 -6638
-862 -3788
-4222 -1965
-5815 2989
9193 -6188
-1125 378
3553 2282
-9481 -1044
-6337 4444
9690 988
4427 -6234
-8296 2756
-9179 3731
4957 4425
-6821 -2168
7571 -785
1194 -3292
9148 6973
4743 -2947
-39 7657
865 8837
1755 -5582
4839 2274
7095 8502
438 6784
3210 -5136
-9451 4915
7620 -8630
2366 2576
9517 5545
-9592 7087
-5241 5323
-2485 -2373
2295 -4021
4681 -4023
-6365 -734
-1466 5390
7405 -6628
-2337 4499
-8127 -8179
5003 5083
-3315 9273
3718 -5695
-5636 -3917
-9399 -2399
-8372 -5270
-5313 108
-6226 5923
-8544 6069
-8099 9858
-7955 -4464
2844 579
-5354 249
7672 6030
-1532 9545
7851 -2808
8349 -5464
185 2066
2562 4549
-8130 6884
-7851 -2781
-4665 557
7327 -891
201 -7497
-1102 2102
-7640 944
-8641 5205
-4757 -3995
-826 -7085
-7965 7642
-3820 9886
-1446 -5472
-1858 8740
-9685 -5576
7009 -7815
-8692 -7121
-596 364
7157 451
9473 -2643
2955 2091
9460 9036
-3245 -9182
4240 1999
-3177 -6587
8635 2579
-5224 -1465
6186 3330
3064 -1952
5790 7100
2473 2799
-6995 7502
5678 6130
-2135 2834
301 1058
-9809 -6745
-6852 -6629
-3988 -96
-5811 -9749
-4377 4733
-6335 -5743
-2688 2162
2792 -6503
-788 -424
1545 -4998
396 -2262
-8479 3401
-4761 7199
-470 3104
3753 9832
-2118 7665
-3193 1031
-8965 2819
-9066 -4776
6792 278
9958 -5823
4535 990
6339 1047
8208 -729
-5656 3473
4273 4740
-8789 5794
-1859 -3550
6713 -8609
-6725 4187
-5057 1157
1851 5472
-4092 2887
2011 563
-8169 -1198
-9160 -8212
6700 9096
6499 3038
143 4706
-7691 8208
-1821 -9698
2947 -610
9818 -5192
9561 6530
-79 -7165
4437 8585
7714 -3712
4056 -2658
9175 -3933
7906 -8995
8590 8746
-3485 5290
7842 -6987
2048 1705
-8560 8078
-88 -381
-7899 -3421
9009 -8082
5109 -7711
-7832 -1250
-1154 6606
-2666 -3441
-7107 -4889
3901 -4212
4899 5527
514 3488
4273 -9251
2498 5835
-2516 -1733
-2461 -1076
-3656 -8829
8543 -1555
1471 -8729
4084 -3421
-6440 9974
9050 2406
6579 -3616
-7315 -6808
1495 -9693
2701 -3607
5834 -6786
-6399 3827
-2315 6100
-339 5169
-5634 7200
-5908 4431
-7909 -3645
-3403 3563
-2374 -5599
-6138 4907
-5626 -7088
-2687 -5327
-704 3719
-2135 -5489
4026 -5714
904 3581
-2499 4505
-2593 8907
4325 7069
4075 -7589
7989 -8113
-9437 -9920
-1758 -2840
3643 5868
1561 7505
774 9657
-9584 -8193
-5671 3433
5527 2195
7944 3273
6481 2568
-3147 -2298
794 4261
-3392 -4882
5050 -5597
1251 3038
-3710 1814
3118 4532
-7306 481
399 4255
1707 -5106
3911 5844
-3299 -8039
-723 -4052
4156 941
9222 4357
-6491 -205
-4220 8024
-2224 6109
-3138 -7175
-9488 8113
5864 -3198
3647 2702
-4945 6341
-6817 5454
4317 4890
-5932 1948
733 4491
3909 -6270
-9562 1785
4672 -6620
-3858 -8099
3176 5643
-6355 -9049
1751 507
-2502 2263
-1380 -6639
-7214 -4013
9784 -2159
-7672 -7034
-2985 6645
-8424 1084
-1408 6031
-4426 -7499
9761 -267
8007 8153
3114 -2131
-6226 10
-6489 -2581
4682 5263
7927 -7821
1246 267
-739 7753
6254 -955
-4407 8582
5732 6330
8947 7309
1134 -2461
3339 6708
3761 3099
161 5488
4973 -3005
-6643 8747
7005 -3132
-3834 5408
-4149 -2187
7587 7098
8080 569
4850 4333
9614 -5836
6636 5345
-9507 5582
2653 1627
-3159 -288
2055 -5678
-3468 -4064
9811 -8496
2932 -6833
-9750 3657
35 137
-936 5887
7950 372
6705 6029
-9060 5275
4083 -5726
9439 718
9619 -6348
20 5993
9000 6862
-575 4775
-8817 5957
-9289 -9007
7461 7364
-2119 -8568
1020 7917
1569 -6195
7524 3240
4177 7949
-732 8838
3223 -2929
-6889 6383
7789 -3550
-6245 -2191
-7558 -7245
-1609 5589
7530 -426
1545 -8039
4289 2727
9325 -7831
4159 345
-6194 -552
7871 -4950
-7313 5768
-7002 5677
4605 9943
-7253 7716
6325 -5743
-2114 -9921
2066 4050
-3445 -5823
-362 -5915
3751 -8818
-233 1760
3909 -908
3930 1788
-6843 -8544
-8764 -8973
-3493 -2356
6795 3226
-6680 5120
3168 -3932
6556 -508
4046 -5559
3293 -168
8491 9848
4009 -1872
-2347 -2241
-689 7421
-6760 -3060
233 -9110
8729 3390
-7654 -6315
4417 2574
1329 4932
-4200 4650
51 -7312
-5562 -3394
5902 8484
1047 -806
-1685 3259
2762 -7677
-8614 -5864
3803 4418
-4723 7043
-4921 5510
7933 -6193
-1101 -6000
-2508 -2964
6574 -7459
-4312 -3906
7191 5739
2504 -4651
-3935 -1595
-6168 -9168
-8681 5868
4091 4081
8191 9199
-8063 5715
3616 -2786
2757 8695
-7277 4411
-3778 1622
8411 7435
-7622 8705
9977 -1934
-1480 -9113
-2475 -8977
-3763 7311
-572 3790
8144 4468
-342 5955
-1452 -2152
5153 4207
-2717 2490
-8580 -9960
4905 -5856
8172 -8873
9487 -9698
-7718 -8135
-7273 -4021
3652 1247
-3133 -8823
5991 6825
-7792 -861
614 -9649
-6394 -9729
-9973 5876
1841 8901
82 9124
5111 5223
-7116 16
9367 -8945
4864 8854
-8643 7146
-5561 -2194
-6875 8091
-7227 3713
-7012 8765
537 -4803
1624 -8850
-731 8952
-4857 3017
8548 6984
1918 -1371
6107 -2972
-6149 -7288
7044 -3061
-6233 5628
-487 -1154
6495 3952
-9628 -6660
5763 -6855
7053 -7528
-4370 -2411
-2331 7255
2460 -9342
6206 7603
3676 8474
4586 -4407
823 4414
6342 4674
7126 7107
-4667 -5387
2734 4846
7180 -772
2518 7552
2568 2002
-9303 3341
4474 -3673
-9071 -4137
-2698 7111
242 -2772
4713 -6083
-4299 3020
3231 6524
-2567 3294
4919 -1721
400 -9749
6613 -6867
8819 3793
6083 5057
5065 2371
-2942 9483
-4288 -4748
-4190 362
1115 6833
-2528 -8643
-5939 -4094
-1005 -238
8926 -4053
7 -3642
9241 -5075
8358 -360
-1103 4970
6494 1436
2483 2576
-3507 1269
-1332 7272
751 8101
-7476 -9719
-1538 3639
7115 9656
8717 -8825
-4439 1433
4658 -5514
7380 -5336
4565 6620
3310 6643
-3741 -4072
5333 -7248
7364 -2184
9050 -2423
-7195 1438
-5151 3556
-462 -2627
3838 8000
-5268 952
-8625 -6551
5848 -3064
4882 4226
1422 5982
-7389 -293
2601 5921
-3651 -7420
-8152 -8318
-947 -7067
3219 -1898
510 6024
-6740 5359
3300 2798
-7269 -2863
4519 -2536
-8191 5894
4634 -8623
-3449 3236
5604 -8307
-783 -8065
1401 -4462
7856 -8530
-1882 -6575
-6848 7171
79 -9909
-1006 -9412
9836 2254
5948 3136
-1227 -7601
-6007 -2988
3584 -476
-7095 1938
901 -544
-4827 225
4871 8111
2160 -3729
-2631 3737
-2259 5487
-9118 4615
6379 961
8427 -4628
1549 8263
-8654 1217
5119 3840
3617 9112
-9149 921
-1365 -2522
-7141 -6743
-9346 1753
3482 5525
3585 -637
-8205 -9047
-3180 3258
-9839 -2298
1593 6540
8663 3740
-4368 211
2002 699
-8572 -2880
-5461 8766
-47 -889
3407 8588
6589 9987
-4435 7244
1740 -7232
6489 -4676
2131 -7995
-2 8951
5263 159
-3348 576
-3302 -965
-5685 2330
9246 -9962
-6971 -5606
879 1289
-3120 -9169
-9601 -5992
-6860 6989
-6006 -1295
7953 5734
1473 4441
-5222 -2676
6446 4777
-3726 5429
-5065 6647
-275 1634
-4319 7762
-2316 -1352
7800 4434
6763 2399
-4278 -6357
3231 -157
1372 -9909
552 5366
-1204 -1496
1100 -6010
-3335 9599
1314 -6889
4375 -8691
-7740 9311
-8324 1986
4665 1079
-253 -3931
9727 1267
-9497 -9791
-6335 -54
-2427 -9384
9789 8945
-5572 340
4311 3225
-7436 -869
-9065 -770
-1271 2249
6062 -6896
7279 8322
-3865 8956
4028 -5480
34 -2505
589 3481
8762 4813
3690 -3852
-5241 -5016
485 -1732
-6072 4914
8609 8239
1859 -8828
-2631 2794
402 9820
-1237 184
-7077 -3958
-1494 2779
-5003 -3746
7299 8752
3750 1608
5953 6232
-3579 -358
-7621 1180
8347 6586
9448 -7725
5220 -8224
-5766 -2922
-7051 5325
-6408 7072
5144 6076
-2744 -8213
-7883 9483
4566 835
-4264 5585
3307 9486
-2808 -741
9439 3613
-7378 -8183
-1487 -9032
-7877 1682
-6757 7343
3458 1199
-1859 -9873
-3477 5454
-9080 -8334
1530 1897
-6547 7368
5100 -8261
1924 -5444
7324 -4770
-2237 -5485
8211 -2799
-8151 -9168
-982 362
-4479 4863
-7957 2486
2205 9223
-6316 -9654
-6930 207
5800 -6010
5594 1050
9608 9047
2139 4707
-5494 -5938
9264 -8171
3013 -2974
-3656 1223
4227 1914
5776 -3035
-7724 -8703
-8173 -1960
3783 4033
983 -8813
8100 4054
1394 7620
-8236 -3013
2391 -8628
-246 -5471
6079 4260
-1409 9063
6089 -4676
-3912 -3847
6548 -5965
8068 6044
1001 -5936
7341 6549
2104 4844
4302 -3192
6031 6122
-9139 1145
3742 -7375
8132 -3868
-6003 -2115
4382 -6203
-4135 -7028
-3420 -8047
-1704 6390
1828 -1436
-9576 3616
-5392 5146
7680 -4331
5416 3504
-9487 -283
-9689 -9736
-4161 -5107
1410 -6699
-2481 3262
3154 5237
-5132 -2465
-7246 733
4228 -665
6408 -3756
-555 -1765
4809 -131
-4429 -6863
-1264 -3029
-1194 -5849
-9526 3040
3868 -5493
7026 -6573
3121 -1565
-3272 -5640
-4583 9882
9598 285
1137 -3928
-8982 -4636
9128 -8854
1609 -1428
3102 138
-7838 8673
3275 898
-4357 -4199
5049 -162
8842 2637
8066 5867
6065 1187
-1978 -3487
5547 3439
116 8865
-2555 -8748
-5063 -1537
-3383 -2215
3330 8226
6358 -3569
2084 8520
-4897 -4642
3138 4467
1159 -1814
-5696 3721
-5457 -7630
3308 -5672
3557 -4950
842 2824
8490 -9043
1689 -345
-7791 6626
-8162 2547
-1869 5168
4493 -5512
-8402 -3424
-3272 -3299
1934 9866
-5112 -3186
-1949 -808
-9466 6316
5283 7564
-9357 -1161
-7387 1485
-8337 -8898
6163 7073
4478 -7907
7419 6316
4640 -4451
1483 -867
38 3081
9430 6766
-6498 1364
-9648 -1610
-8102 2124
7583 -7568
-1561 2865
9996 -917
-4575 -7391
-9433 809
-2568 -9549
-2119 -8090
-7456 -4701
-8054 7184
848 3430
37 -5394
-3490 -533
-4907 3734
-9170 -4555
-7877 -3551
7569 -6574
-1119 -3992
-9988 2598
5091 -842
8928 9379
-6313 80
9830 1568
5711 -7627
-9413 7658
-6722 5156
1087 3315
-6517 -8683
-7219 -1424
5051 -2668
4021 -9105
3781 5310
-1958 -3617
-8683 -1946
8981 -9872
-9068 -8372
-6772 -5381
5429 -6943
