100
78356 29758
94809 -36463
71755 -13856
-34287 37543
-86788 -5409
82113 36832
-34383 -66302
-9890 -60572
-18358 4762
14650 -20068
6432 -26227
34852 27565
-66889 38898
-72020 5140
21769 29130
-578 -72787
85977 -5770
-82161 -15180
7463 -16448
-77638 20675
5233 31565
-42494 70850
65263 47616
-89723 73994
79468 24927
-46075 -14101
98701 88777
-86537 58901
-45237 68534
91130 76532
-75248 -9448
-96256 -89272
11871 -78417
-77362 -80666
-67775 72090
-32902 37458
3654 -48306
8307 96006
26399 -54327
69999 5866
-2310 -76077
91766 -76521
39789 32318
9469 94553
851 598
-1827 25603
18239 -70993
-36579 -69890
-49410 -13941
76534 -90096
85238 70721
47362 -11108
-77586 82758
-15103 48814
-71569 81986
81769 -46790
32998 73534
-23311 -27213
5852 13247
94429 33792
-86156 -7399
-40605 -40827
21608 22816
-83628 -712
35964 92906
9192 21201
-9285 83644
37182 13130
66401 49169
89033 21921
31154 70801
75131 -35849
-28576 78909
-35973 4365
-7845 -41545
-61844 -66911
-21854 -2449
-7738 26843
47456 8634
-73870 -89492
-71372 -37588
31710 19343
-53945 95981
59562 39545
45149 48594
-38534 -96609
-53516 63686
94633 17908
-30316 85749
49362 -11072
-55796 87518
22017 -50561
-87842 -85722
76282 59614
-49999 29502
70123 -21371
91914 -71079
25062 65058
51991 -15377
4602 -2860
1000
-6666 4320
-7667 -5127
2351 -6191
-1516 -8134
-5715 5409
8731 1559
4933 3994
-5146 4518
6363 -4745
-4016 7756
9965 -3888
-7655 2602
-9634 1589
-5953 -9863
8885 3977
6776 -4061
-1704 -7170
812 -9354
-3361 -6984
-3767 924
-7855 -5036
-3797 7078
-7322 1057
1596 9041
6313 7580
6796 9998
-2588 -7138
2600 1499
8172 -9633
5357 7056
4344 2133
-3285 -3639
8684 -8753
728 -4678
-5737 6962
6247 -3592
-4354 -3830
-6514 -1676
7228 8803
-2636 7261
-9898 -2119
-9022 -2486
4464 3578
9013 2635
7667 8090
3412 5731
3943 -9874
-7909 2626
-8626 2820
7949 -642
-219 7916
5767 9148
-5915 -7027
-2529 -4967
-4504 8556
-7707 -4402
157 -6728
3112 -5380
-9430 5845
-9024 8237
3934 4388
3968 -2123
8235 9780
-5777 -6671
2599 -7829
2688 -3900
-6193 2175
-4753 1614
8869 6439
6647 -5636
8716 -7339
-38 -1128
-4067 -3206
7214 224
-3641 8190
2182 -5987
2577 -3851
5611 4532
-351 9835
7862 -7752
-4274 549
2069 -466
-3556 -8963
-8853 -4688
7476 7794
-324 9912
-9546 -6642
-1216 108
152 -282
-9668 6511
-2093 6235
-9477 -5796
-3896 6135
8736 5753
9690 -9683
-8279 -4585
4587 3791
4949 -8970
4828 9817
-3658 6024
-8669 9739
5936 -4494
-6904 -1560
5615 3248
8158 9668
3479 -215
5902 7724
7710 -7995
3858 -9835
-8522 7268
-9517 -6800
-7318 8791
6991 7632
9822 5539
-8832 -116
5283 -7501
-377 4939
-1994 6440
-2901 -2659
-312 -4744
-2992 -3113
8762 -3370
-5390 6471
2356 -7812
-9643 3834
9456 -9160
7034 -7862
9631 7745
-6510 -6828
3283 -5342
3057 2287
879 -3600
-2775 8885
-7161 4325
-54 6248
-6699 -9326
-6865 -4216
-2696 1466
-4025 -6620
3655 -3668
7214 6831
-2828 7969
8969 524
5713 -3821
3696 2717
4559 473
-4997 -4563
-9407 5949
-1958 -6567
3994 7988
-6599 7296
8662 -3464
-6921 -314
8003 2775
3066 5378
9108 4000
2208 -3721
1968 4898
-9477 -2319
-5203 7941
-5882 9356
2134 2842
-1487 2728
-1210 -9725
9882 -7216
8263 -6718
-6200 -9356
-181 600
4051 1542
-6626 -2884
640 -7519
-5163 -7153
2482 6805
-8535 6726
-1794 -3737
4666 2324
-4382 521
-4835 7853
-6752 7677
8128 -6871
-9540 -9889
-3589 -2019
-5524 9951
8581 8528
5213 -4325
-636 -4148
1878 4201
-1300 -5641
1006 3886
-8916 -7068
-9852 9472
5257 -512
-8 -5858
-2660 3240
-8182 -4533
-9911 -4001
-4422 -3500
7701 55
172 -9999
2303 -4616
-4323 -8334
1237 7555
9589 -6343
-4366 594
7543 439
7247 -8588
-90 2503
900 -6378
-9634 8240
-9418 -7816
-2573 -9329
1905 6727
893 -395
-3219 -8936
-393 -7196
169 9005
-5530 -8595
6559 -2221
-1217 -4087
8373 47
6352 5620
1459 -3738
1843 -7642
3605 2209
-9403 4188
8115 1745
4859 3740
-1529 -528
-6656 8973
536 6672
-8224 -9295
5676 -32
-4169 5955
7747 8336
-4412 9841
-1618 -8060
9181 9841
1923 4744
-7802 -4473
-3047 -3484
9715 -1212
8261 8295
-7473 -3268
-2234 -408
-4296 -7977
-15 1202
-3551 -619
-8831 2280
-943 8916
615 4645
-7524 -7283
6585 -8344
-7443 2228
6401 -1524
7756 -2926
4992 -8810
9583 6974
9485 -7891
-2574 -2749
5422 3130
-726 -4594
-5669 5723
8509 -779
1723 -2435
-1863 -3941
-7791 4334
-1224 -7485
5991 5055
4743 2391
-6470 6219
-6815 -7757
7410 -7233
9217 6894
-1403 363
-2135 -2261
-6508 -9141
6867 1545
-9698 5375
-9235 2026
-7061 2623
-8195 -4852
-3043 4302
-2337 -3332
-644 -3873
-7221 2887
-7655 -4036
8851 9755
2452 -8213
-9631 -8952
2150 -1766
2508 9363
-906 -626
907 -604
-5252 5394
-4858 -2313
1737 668
6557 -7586
-5030 -2060
2803 4326
4067 5582
933 6413
-4734 -217
6167 7718
5291 -9744
-7514 -2560
-1509 4995
-3197 -8695
-5632 -8570
4422 2838
6824 -6715
-5755 2282
3953 -9199
8417 8923
-1258 1220
6970 -3471
-3199 -2098
-7059 2068
-8594 -7171
3506 6697
-6915 5993
-5863 5297
4708 4661
-9678 -7204
6091 8466
5634 6636
-8250 -6400
-1083 9424
-5599 1054
-7933 6864
-7727 9037
-6607 2796
-3062 55
-1416 2065
6605 -7911
-1238 -6589
-8198 6620
-7572 -9770
1280 -7249
-3252 -2630
-5063 -3898
-2274 408
-298 6643
-169 7825
1418 1898
4688 3691
934 -8199
207 -8407
5578 8791
7379 2182
-5399 -139
9314 124
-3520 -8258
355 -8520
-1786 7103
2572 3151
-6796 -9703
-6442 6628
-9339 7110
4452 2079
-992 -861
-510 -6338
4662 9698
-1024 239
8488 -3645
-3859 -3191
6216 -4545
6934 -3583
918 1009
1618 9132
-1889 -5811
2282 5036
-1792 9561
1663 -1131
6670 -165
-9053 -602
-7305 437
6782 7357
3855 -4243
1316 2343
5833 -8823
9152 5770
353 6085
-4093 -8730
-2907 7525
-9599 8925
-4565 6404
7682 3643
9685 3065
-7489 -9925
-7100 -2821
-527 -4405
-8664 -25
-3328 5192
9454 -8292
1255 5286
-7115 406
4776 6960
212 -9318
8230 -8975
8208 -7648
-6329 -6358
-7524 -8648
7285 -7839
8138 -6484
-7764 -5242
4416 5430
4074 5752
-4595 -9255
4664 -5142
-3826 -4082
-6136 2781
-9955 8641
-260 257
9323 1690
5003 7530
4042 8674
-5108 -9761
-6254 -4103
-3879 -4395
3134 -1643
363 -2451
-2493 -5563
-2978 2912
-1097 -8315
-8510 5078
-2396 -4645
-2142 1370
-6005 -8682
-8374 -2962
3008 -9651
-1711 771
-7256 3181
1010 211
-7201 7131
5816 5933
-792 -100
-2797 6715
4337 4225
3348 -6761
9631 4838
-7963 955
-6087 -105
-7676 1629
4934 -6050
8668 -2058
-1979 677
8713 765
-2422 -278
-9025 377
573 -9488
31 9781
412 7234
-9785 -1531
5179 3563
1708 4809
2122 7467
-4236 9756
1082 -1912
1385 -3984
5760 3773
3958 -2499
-5551 6391
-8014 2027
-167 -3318
-3875 -9595
-2806 6156
-6094 7606
7110 -5879
-205 6009
7685 -8497
4538 3527
-7310 -5978
3282 3772
5832 -5334
9788 5312
-7841 7466
-7188 -3392
3856 -5202
-7644 -6312
1480 -1519
-2186 -7605
-1643 1720
-6279 -813
5842 3517
-1084 7247
8741 -6547
4494 -8570
-2524 -2225
8923 -6693
6163 -7569
-7661 8322
9897 -4849
-1349 7474
3670 4728
-5118 -1130
-3071 2697
1265 5286
-1863 4987
-1807 -2301
-1497 7109
-1334 964
-9439 -6841
2394 1758
4656 1316
8786 818
7468 -8876
2860 7365
-4 -4769
8559 -6335
9959 -6560
2536 -3113
9858 -2479
-4107 -2005
-3772 4086
9415 8452
4915 -1919
-585 5477
1240 -4471
955 -384
-9434 -259
-5846 8034
865 7015
9119 -5418
-4034 7677
-1753 -354
-5162 -5497
-9747 -5305
5746 -3853
6411 -8027
-6047 9547
-9575 8869
-2373 3561
8066 -7413
9091 -980
2204 9657
-7519 6358
7690 7068
7093 6809
-8351 -6941
8206 3617
6426 -6957
-8159 6679
1460 7587
-3454 1591
9560 500
1137 -6295
3089 8764
7267 4875
-4928 -9923
-2385 7276
9734 97
7354 -8857
885 8168
7952 2534
-5053 9879
-3850 -8628
-7079 -2009
8051 4381
-702 -1682
-4028 -1142
-7462 7109
6284 5627
9594 3550
4222 -5335
3627 -8164
-4339 7081
5654 -3265
8225 -3462
-5098 9897
9072 -151
9775 -1057
1221 -7304
-9346 2993
-9203 -47
-8690 490
-7469 -6152
-2401 8815
-6805 913
6086 -8863
9299 3433
-7027 -1320
514 -7652
5415 2459
-1114 -9683
6076 1679
3887 5851
-5658 -4892
-7733 -5004
-8179 -3215
8670 -6869
7276 -8800
700 -1405
-6264 7616
9508 9822
8753 -7474
6975 -8275
1206 1209
-5927 -3380
-6333 6681
658 9744
2080 -5455
9315 6422
-347 -8419
-4862 5195
2087 -2471
8326 -638
-1271 2746
7957 6186
361 -8816
9728 -887
-6290 6703
838 4916
-2089 8633
-4743 5300
9034 5915
5043 1113
-5820 8078
1255 7554
-6621 -9887
2748 5466
-2358 1073
-5172 6372
-2461 -3495
6278 7900
-2310 6006
-2988 5121
2708 -8429
3758 -5661
-6076 9015
9639 -7043
8650 8402
7791 -7170
6479 -955
-9617 9858
2879 3132
9045 -9479
-2075 -6128
-9387 5465
377 6891
7085 -8213
2896 -5903
6909 -676
-611 4387
3664 3313
3401 7023
9991 2050
9146 -8499
8601 5624
4267 -7295
9203 -2855
5837 8247
-2334 -2518
-4161 -1721
-3333 9937
-4830 -6248
-4555 -8214
1570 -3926
1111 -5321
-9540 -1505
7992 3861
-762 -8298
-369 -1617
-6797 1953
-5993 -8810
4658 -3070
-1665 494
-1103 6002
-8304 8457
-5720 2085
8393 3171
5837 -6163
4958 1127
3632 -211
5806 4092
-7996 7518
1673 1242
-7060 -8696
9626 -3857
3257 -2647
-2667 1635
8004 9389
-4151 -3100
5390 -2455
-4644 -6609
9630 -2531
-9718 9187
5028 8961
313 -1341
-1251 -161
-7249 4474
-2644 4424
-4284 296
9449 -938
-9841 6426
6415 1213
-1940 4418
602 3909
-4962 -288
-4825 4115
6824 -5196
-8417 7107
-2288 -9669
6067 -8255
-1009 -1463
1585 5463
-3269 -7339
3607 2447
6679 3056
-4771 6838
3202 -4636
1772 -8738
-6498 -3906
8892 -1460
5806 -5934
-7346 2630
2592 -2041
3457 -9697
-1710 3244
-7952 -8999
-4499 7354
-9816 2233
-9985 3792
-1600 6694
568 3630
7252 -6231
8994 2744
-1248 -7504
8838 -2356
4757 4644
5431 7412
994 1743
-909 -5550
2046 -8899
-8586 7816
-4176 -3084
8890 -3992
9149 8905
9800 1269
9319 4088
-5102 -9709
-8422 -6108
3035 330
109 1873
-8306 -5135
237 -9154
-4003 -8770
2589 8809
-599 -1644
9911 815
-3829 -4266
-8549 -4940
5463 -5680
-2314 8984
5590 725
3071 -9513
1016 4649
-1900 -5949
-1300 -8071
9645 394
-3205 -119
1240 6513
1111 -2450
5322 -5768
5906 8953
8768 -4203
-1593 -9781
4578 -6131
-5461 -7737
-7148 -9872
6710 9645
-5663 -2275
4293 6158
5497 -7008
8088 5141
7108 -5118
-4979 2068
-4885 9853
9618 -9564
-2195 9244
-6891 -3427
-4960 1516
513 9619
9107 5052
-4398 -8042
8902 -7689
-4677 -3041
3758 9617
-6884 -746
-3671 -8797
-1884 -2843
-194 6858
9226 4922
6711 -7437
9079 -5485
-8193 -7812
4809 568
7425 -4679
3907 6531
-5906 -6770
-7790 -3284
-4459 -2467
3675 -6981
870 6791
5995 -9080
-8285 -5890
-1923 1521
-9033 1023
163 -8602
3587 -758
-365 9115
5151 -5557
3403 6296
-235 -2690
2827 3859
540 8758
-9426 9802
11 7970
-7179 -9119
8481 -7464
-4478 -9805
367 3599
5438 5055
-5378 -4400
6454 -8071
8563 -3912
-5236 7434
4252 -8113
3730 -5984
-803 277
-8405 -6543
-966 -4110
-6741 9045
-6141 -199
-6354 -7660
2337 -832
-3744 -3576
-3512 -8307
-8522 4831
1015 7932
-9520 -423
-2260 -1035
-2989 -4287
852 -5539
3450 -9951
4738 5046
-6494 -2508
-5344 486
257 2237
-9714 7625
8298 6344
-3208 -5447
-7233 3280
-32 -5754
1831 -9018
-4102 2311
559 7360
-8725 -8710
-6928 2128
-528 6522
2177 -2070
5288 9404
5422 9945
-110 -600
2181 3897
-2976 4199
241 3816
8752 3008
817 2440
-9026 -7353
3422 594
8680 -2298
-2047 9955
-1008 4746
2082 -7815
1267 -2021
115 276
1104 -4463
220 -5286
4937 -3879
8611 -4319
-9681 -1149
9497 -7209
-4420 4034
5232 275
-9598 2374
-9132 9082
-9925 2542
-7244 2789
-2713 8560
4974 8555
-3462 -4912
-1170 -8638
4346 -7230
-3924 3003
2612 -5313
8684 6652
7259 -8099
-6837 -3441
9656 8395
-9445 -9943
4490 -8577
-7141 4565
3966 -4384
-2647 -8748
-5825 -3953
-6473 4434
1136 6078
5797 -798
-7432 -4407
-7795 5180
280 -5391
1831 1260
231 8716
-8461 -113
7110 -7906
-56 5320
-6482 6525
-115 -8796
-7860 -9042
-3823 -3685
-2994 3426
-5531 -8138
3224 -9735
1064 5793
-4141 6990
4693 9860
-8401 245
4840 1830
-1040 6380
-4563 -210
-7806 9103
-4890 -567
5627 8716
637 7767
9674 -9465
-2198 -3321
7682 2271
-1459 905
6258 -6674
418 -4163
-9685 -4889
-583 -4365
5356 -5743
-8814 -1964
-5643 -3377
7826 -3449
-4275 -3344
9706 -8649
-4629 342
-7162 -4955
4598 4361
5445 2279
-3368 -2293
-3095 -3390
1033 7323
2447 5069
-3846 -4416
-5575 -4770
-159 -668
3266 7919
5955 1092
-1809 -4599
-8532 -2104
473 -3160
-8042 7033
1885 -9723
1393 -2671
2556 -8255
8757 -6819
2076 -211
-9496 -1757
-1421 -3342
3828 6725
1889 -2611
-3944 -1125
-4692 -4269
-6313 7220
1132 -4844
-4885 -4674
1996 794
-3921 -2399
1071 7472
8651 -2652
-7062 7408
529 5014
917 1033
-3022 9496
-8588 -9195
6220 7022
-1806 -4004
-4104 7223
1728 3305
4442 -3420
8461 -6723
5627 4177
4072 -8295
-8223 -4858
-7102 -9573
2490 -443
7835 -6981
