100
-15514 -33458
-34799 -75374
15252 60937
13138 64895
26852 -68540
71340 -74698
24632 78242
-56081 24635
-89825 28347
-93516 -62004
-36807 -29248
3340 -18993
53985 -35621
-63043 -1175
-97302 -65090
86085 -12816
1453 78375
-61101 43794
-33600 52037
-64223 93252
10586 34206
-81447 -64783
12448 89562
-13058 22623
-55002 -6574
-12292 8191
-8733 18138
89199 -54749
82517 53245
-28835 85215
88155 -42751
99488 -83304
62714 -61614
-12420 -70887
17512 23357
-77635 -71902
-42437 68008
90405 -2900
-15341 -22654
46812 29657
-2138 61609
-62153 16218
-20254 54135
-11441 -37737
7379 59724
74567 -77377
44063 74055
66409 6776
39530 -46012
35889 -42958
4435 -14657
-87771 61998
-46649 -97367
86187 38010
-92931 32998
-32334 -67980
-78305 -67398
48238 1442
86738 -63204
-9206 -78795
23610 -34640
-56172 -32328
66504 37327
74448 -66877
91315 -62575
-9835 -77162
22769 -70517
11925 76120
59206 -1889
-58782 66275
58198 8884
98295 79894
-31425 -26378
-18665 -44688
-62493 -782
-23482 61117
64578 -52565
55878 -41829
11851 -42586
-8706 -69745
-5160 8548
-46907 44698
38031 65019
-52094 -2764
-36871 -10876
90601 -78673
25097 15984
28310 93672
89606 36734
76074 -72887
-64049 79681
15319 27618
54205 -28803
85789 -33944
28611 -95829
-3689 -76550
12719 49404
-4763 77839
14422 43143
-97836 4641
1000
-5676 -5122
1183 1653
-1803 -8474
8784 -1975
5125 8713
-5071 7042
-3405 8701
-9808 9974
-1455 -5755
961 2063
-7799 5005
-4264 -1792
-8808 8081
-5489 9512
5637 -7708
-8022 -6318
891 3161
9056 -7191
8408 7839
834 3532
-9729 9484
573 587
-8096 4487
561 450
-7548 -4758
-3767 -5347
-9753 5690
2861 -8561
7491 -8907
-5329 6849
-2894 371
-9470 7998
-6469 -6694
-9194 -8061
-5134 5361
9192 -4863
4844 3486
5725 6748
-2028 6
918 424
5248 -9129
5077 9216
6562 1659
-5625 7773
2752 -953
4621 9858
-6862 8872
-8425 390
-7822 -7619
6050 765
7742 5242
5902 6306
2448 5347
6775 -9581
-4648 -2308
4564 -5679
-1436 3361
-6464 -1154
-4981 1633
-3382 7771
-9321 -5040
-8651 -2462
-2448 -7076
7928 3451
-973 3978
-5785 489
-781 -9883
-3205 -4613
5464 -6431
-4194 -5463
4982 -5910
-1142 -6455
7451 2394
6112 -3809
-5974 -3549
-2318 -1574
1411 -969
5964 8963
5677 3892
2414 -5297
1590 -9651
5192 -9192
-9534 -4293
-84 9652
-724 9443
-5812 -5742
-6468 3046
1524 -5297
-840 1357
894 6908
7808 8577
-946 2939
-2393 -1261
5622 -2996
-7370 -1965
5428 7941
2106 620
8749 6293
-9953 2385
5944 3045
1827 -6148
7303 5359
-9382 2547
-9939 3500
-2376 4677
407 -4569
3253 9461
8370 -5420
-1801 3992
1585 4550
-4253 -2988
2490 -8427
-8648 4959
7867 -8600
-2657 3810
4445 -7110
-8617 5468
8249 -7999
1735 -7969
5501 9360
6708 -372
-1489 3681
-911 602
8261 -8992
-1686 3566
9280 7782
-5701 5490
9356 -4349
449 7222
772 -8488
4752 -1063
-5597 6135
-1875 -3628
-8143 -6419
2124 7358
-3339 2552
707 5172
-3768 -6484
-506 -1786
-5476 7808
-8221 -2476
5590 -201
-6986 8666
9172 7184
5887 -57
8696 638
-7399 -3181
494 4447
6913 2351
8028 -964
3429 -1591
-8412 -5865
-2698 -2180
-2349 6796
9755 5897
8325 -4745
-6580 7635
5054 -3566
6300 4225
-2662 5907
-2111 -245
265 490
6574 -9242
-1343 3486
3109 406
-3757 259
8815 -2169
4394 -3884
9372 -4234
-3367 9127
-8338 -5043
-5619 -1197
-7409 -6845
8959 -7389
7381 -3704
8518 -4731
6051 -1218
9480 6346
3262 -1864
3552 -3630
8542 9795
-9651 -8923
1346 4744
-2807 718
-5770 7547
3565 -387
-7497 -8334
8416 -1185
-5179 -8906
1426 -4078
-2609 3664
1191 -2838
-3833 670
-6493 9429
-7473 -9220
-481 -8932
-9426 -131
-4134 1921
-1667 6781
-3641 2563
4327 -6356
-4104 6831
-969 -5689
-634 3852
-4594 -5487
9775 6518
8177 4686
-2600 -1936
-4644 4629
-2508 1604
5409 7012
6393 9704
601 -7741
1624 8934
9040 -8297
5217 3366
-932 -8888
3917 8099
-856 -2996
5672 8271
1517 5446
4788 3414
3852 -7812
-8522 -7072
-9463 2691
4532 5946
-298 925
5649 -9698
3184 994
-7044 5944
2697 8173
-691 -4514
-6995 -3053
-6416 2150
3951 9256
420 -4533
8422 -1071
-7399 2274
4838 -5921
5202 5375
6771 3455
1320 193
-5621 689
4217 -8717
-8318 7173
7227 8101
9067 256
-6414 -7929
7203 -2830
7942 1153
-3574 2083
-9660 -5153
-8989 -7058
-9159 5849
742 6044
4944 -2488
-502 -16
-8574 7598
-9328 5643
8881 -7645
6536 9828
-5824 9323
83 -2238
-8606 -2714
8653 -6944
-7841 -4922
5139 -7500
3647 9871
-837 4488
9440 9905
4252 4383
1138 -2530
-5634 2564
-1212 -4961
1927 -2332
1115 -1538
1216 5291
-2215 -8701
-3227 2900
-1415 -4575
9677 744
504 4816
6965 -2129
4686 -3873
-3921 4126
-247 -5948
2229 -9110
1522 6596
7175 -5969
-4645 -899
5420 -9810
-8717 -3364
5481 2789
-2065 -7747
-4312 -9760
-2322 -914
984 -8098
-6099 1670
3494 -7693
-8483 9574
-9847 1270
-6375 6104
5881 8868
2699 3055
-7102 -8226
-7845 8319
-8036 -2840
-5046 -8835
9949 2889
-2861 -642
3129 8538
8444 -2167
-5839 -3935
-6777 7655
2093 -5259
7228 5968
9732 -9148
2071 5613
9721 -1510
-1333 -3661
264 4544
-5343 5949
-8297 3332
-9166 -8349
-59 1694
4730 -3210
231 3173
8345 4392
-7042 -8433
2047 5052
29 -726
1019 -239
3848 -6911
-4627 7289
5300 7761
-6373 -4437
2304 2006
-4768 7728
-4663 -213
9380 9000
-8520 4109
-4211 1711
1003 -5867
-176 3961
-4299 -8130
2733 9451
4865 -2528
-789 2433
561 8305
3442 -4140
6066 7070
5144 2090
2796 -5904
-182 -8147
3883 -803
-9148 9084
-2974 -3358
795 -8251
775 -9382
9432 -9804
-3791 2164
9648 -5206
9637 2579
-9052 3918
884 4390
-6501 670
1459 -7637
-7241 -2025
181 2577
-171 -2216
-4506 681
-3132 6242
-8957 7663
7991 5540
-7999 7422
5736 1931
3307 9104
-9555 6664
5404 -8607
4302 8
5784 7801
-9323 963
-6115 -6564
8939 4066
6014 2488
-8151 -4772
-3111 -1283
-8531 -2067
100 9461
-6528 5822
-9398 -7072
1473 7630
-7968 1919
8014 7436
3312 2316
1164 2816
3837 1841
-6221 7722
5277 -3562
5508 5011
8926 -8922
-6040 -4186
-205 -4571
3747 -6384
-1390 -9061
-6842 2934
-6132 4632
563 -379
-3450 -1423
777 -6418
-5387 -8060
6399 8450
3781 -6102
6172 2778
336 5400
1510 -739
6478 5470
8796 -6
-5381 6264
7331 3230
7203 -9512
-116 -5209
5120 -9554
4412 -4610
2744 -4812
-1027 -8923
-2872 -908
9528 -5371
2990 9420
7408 -6675
4819 2638
6307 1297
1828 5102
-4989 6447
5086 -7659
-324 2289
-7171 9560
-9200 -8330
-6273 5213
-2940 -9809
-5879 9754
-8731 1250
-1155 -5483
9600 -8166
-6064 7007
-1120 -7525
3365 -4814
7493 -4808
-5991 -7497
-8361 9095
-5156 5036
5104 1395
8317 5905
3065 -4236
4838 -9876
-4045 8959
9879 945
3929 2444
9183 3529
4279 -6882
4256 -3121
-685 -2379
2066 -3193
2813 9796
-689 8173
8890 7876
3209 7715
-730 1525
7340 -7666
7289 2177
-3820 -3036
4856 -3942
-8370 -1215
-7778 -9188
-7687 -9779
-2348 6569
-2899 6967
-2090 -7113
-6227 -9277
-7318 6805
-7384 -4708
4681 5825
-3273 -2329
1070 -5934
6 2079
9964 6186
9044 4820
-4036 -5606
-6396 -1814
-4794 -4083
2129 6579
-3794 9230
3545 4117
-7884 -8961
8561 -1481
-8436 -8824
3811 6245
7002 -9462
-6084 1792
-1675 7643
-6129 -1711
7549 -3365
-6892 -6488
1029 -3288
5419 9956
6350 -2453
6535 -7445
497 3800
-9608 2613
8560 8953
-5148 -9876
-9871 8664
6369 -9149
-7078 -5995
2643 1247
-8353 6514
-6744 9196
-3131 -3636
-3572 7898
6797 -4432
-8426 6867
3115 -8171
-6857 -6388
5629 -6465
9946 4189
-7512 -5202
8034 -3662
-2818 8123
-2811 3825
-7872 -6448
-1208 -2504
-6213 2049
413 656
-7867 -9439
-1446 8931
-3871 3849
9518 -7035
5678 -7340
298 1306
-3804 243
-785 2405
8762 -2752
8743 -336
-908 -4069
-6512 1220
3204 2281
-7564 6991
-5671 6570
-2353 -3538
7132 9922
-887 -3019
3770 -1369
-54 -553
5012 -9757
-5527 -8793
4208 7410
3612 6690
-1622 6075
-3646 7470
-4274 -158
2410 8931
-7878 8568
5921 -3549
5137 -2712
6635 2268
-2791 -532
9250 -5301
-8181 2916
7867 6832
3160 -7660
-8241 1088
-6530 9093
-2223 1848
5167 4131
3039 -5386
-6027 -4552
-6456 -184
-5985 -6815
9989 -7127
474 -9657
5141 7683
-189 8111
-7618 1631
4748 -6031
2183 1628
-3691 7663
-7285 3500
6755 4213
-931 5643
-1656 -7893
-9744 6038
1276 -6200
-426 9013
706 -438
-8115 -8821
-95 -9254
-7417 -6563
-7422 -1314
8789 7326
2655 971
-1047 -7315
-1367 5389
6185 -891
-399 -4747
-5249 -8335
1081 -4993
-8577 -7643
2528 998
-8631 -6767
-5720 -3025
-5587 4186
-2279 717
-8657 299
9403 -9869
1345 2057
4823 -9703
4742 -2824
9407 4648
6285 -992
9901 -8965
4394 982
-237 5818
7060 -3989
-3185 -7851
-755 4816
-876 7379
-999 6845
-1905 344
865 -2503
4196 -7791
-6726 -982
-3772 -8263
6195 -645
6385 6200
8363 6285
-9044 6478
987 719
2295 -1954
6731 -7170
195 -304
7646 9319
795 368
9885 8890
-5568 4470
107 8629
-9601 7102
-2354 348
8839 -2439
9704 5223
-6239 -8214
5229 -5283
8264 -64
9157 558
7983 5887
7109 1898
-697 4755
4938 -9903
-4878 8543
-7293 3275
3012 6535
1903 3411
3637 -6730
-6241 6196
831 -2817
5140 4592
-1031 368
-6971 -2767
-5976 -7814
7791 -7994
-8207 4900
7626 1097
3375 2563
4915 -7783
4826 -8657
5492 -2163
7878 1116
-5032 5235
4386 2448
1431 -1063
9631 -3430
-6471 -1400
-9342 279
5833 -5318
2465 7344
410 4259
5964 1756
-924 3059
-5682 -2289
5276 -7136
-946 4489
4422 -3068
-4396 9390
-4113 -6290
5559 7318
2647 5189
-2392 9897
-2491 1987
176 -2938
-9610 -7360
-1873 800
-9381 -5910
-7445 3416
7150 594
-8873 6146
3458 181
4355 -2121
-9167 -6321
989 442
-2611 -3453
1480 -9964
-4543 9089
-6347 2966
4796 3829
-6251 5186
-9810 1876
-294 -5470
9687 5982
7947 -9444
-3425 -7206
6703 -6247
6696 4778
5353 -8750
8458 63
1692 -4154
6610 -6829
-397 -4213
-4020 3257
-7526 -9224
806 -3777
9683 996
-8181 -611
9248 -8495
-4630 -9086
-7938 5667
-6292 -7515
9420 -9597
7263 8494
-8347 5720
-1444 3345
-8434 -1114
6517 4890
4674 -7504
-1854 -9132
-3007 -7327
-2909 -3324
3669 2631
6065 6637
4136 -8566
7551 6198
-9179 -8742
8683 -9759
-4617 5946
-7545 -2964
5386 1011
-5898 -9328
9897 -5661
5563 8291
556 -2571
9159 7550
102 -30
-5775 -2508
-7400 -5990
-5872 -9543
-835 -8321
6655 -13
-3342 9059
3949 2041
8725 6404
9078 4110
-2586 -3100
8504 1031
1239 4066
3043 -8206
-4785 5922
9344 9039
-4108 -2711
-3470 2213
5020 4379
2670 -5815
9779 3046
7893 -3563
2104 1841
8478 4549
-1756 -8725
2379 9379
1896 882
409 -6866
-1332 -2828
-5071 3884
-6906 -2007
2922 2707
5283 -6828
-1360 302
7551 -8690
8208 7330
8077 6100
-2513 3901
-2060 -315
-1551 9905
4682 -9173
9283 -3423
1710 3413
-288 -5902
-9416 8362
7982 -2601
-3646 4624
-9895 -4643
7796 -1254
5660 9068
3777 7588
-9883 5574
3688 -2396
-526 -4652
7289 7923
-4747 1970
-7530 -1744
8548 7901
-4611 1980
-8001 -305
341 -6299
7094 6695
-7954 -9080
-7948 -6438
3387 -8568
-7371 -2837
9020 -7254
-7264 2707
4071 5931
-8224 1360
3853 750
-2950 -9957
9006 -4403
7945 -1884
7577 -6336
7811 -2083
-2635 4904
-1667 3132
9545 385
6695 2931
1817 9324
-9907 4557
-4209 -3450
985 9862
-7520 2761
1221 -9947
-6490 8272
-9903 -3764
-2411 -8238
4352 -1113
-853 2162
-9476 -9768
787 -1143
3365 331
-7038 59
-3017 4779
-618 -2924
3057 8894
7348 -5959
8756 -6452
6802 3697
-6398 -5968
5689 -2580
3989 -3001
2903 -1659
5886 -7951
-5777 6410
-3998 8731
-1012 9367
2783 1950
-575 9766
450 -7472
562 -6494
-4858 -2091
-2453 -6103
1458 -1931
-8685 8781
5822 7004
-79 -190
-5998 -7177
-8129 -6392
-1407 -3905
-6261 4595
-1454 6448
3962 -8672
-1603 -2893
-5186 -7433
3356 5377
-206 8499
-2994 -8939
-3884 -7816
-870 -2569
-5315 -1328
-1844 4606
8483 5879
7429 -9647
-6792 -3979
169 -3053
-5663 8716
-6606 8299
-6236 5512
-874 2300
8080 -3797
-2324 -2127
-1578 8403
-1065 8259
-9413 -8215
-589 -4728
458 7567
-6401 2661
7166 -8973
6735 -9627
770 -3096
-2680 5107
-660 4435
7126 6825
-53 -28
-876 -1974
6175 -9480
9620 -1683
8924 2275
-3424 -6769
7782 5987
2224 1960
3553 5823
-5380 4439
-9429 -8646
4813 1341
1979 -7868
-3553 -8682
-9712 -2707
8144 235
7265 988
-8019 7161
1509 -4679
-4523 432
7597 5774
7384 5378
1760 3328
1058 -967
-849 5678
-6528 -278
-9248 8285
-5217 2732
-5863 4951
7771 -5575
-7757 5914
4660 -6772
623 -9639
-5891 -7869
-4317 -413
6284 -6721
-4640 3667
-7623 -9159
-3006 3435
-126 9866
2833 7067
3308 3585
5351 8091
37 -6791
6762 -2192
-2366 9005
-2558 -3985
-4046 8065
-3624 63
-9805 2059
-6630 6479
9059 2452
3866 -4844
3293 -5419
8591 -3113
-1833 5144
-6046 -8525
-1271 -6975
-6714 8766
-3766 -9952
294 3869
-7227 7737
-6396 -1273
5801 -20
-7489 9718
-4240 -4119
9917 -1461
-7947 3783
3696 5346
-7916 2286
-4046 251
1151 3629
1726 9880
6654 8734
-7635 -7112
8782 6381
-9523 -8446
4117 -5919
282 3638
7782 6514
3355 -2738
-7606 6993
5802 -5552
4496 -503
-6486 6580
