100
-41567 -6946
-84397 -14642
91534 -52622
-12939 93343
42512 -90565
32152 -61246
93093 -97065
-33178 55786
-21248 44231
69965 55422
-14567 -85452
-51168 59076
83132 -25932
1023 -16631
81877 -69260
41338 -59691
-49117 -15970
-47243 69506
-41503 39818
62849 -98991
49254 -5000
-60237 42346
-74976 -66326
-74779 3776
4994 95186
86287 90427
36823 -64882
-23408 19955
-63724 77615
-96677 45242
35444 -28250
85552 86328
-17131 65398
-17078 41367
5215 -54230
-30535 81558
-32141 -63683
-49007 -80028
-30009 -23786
-49163 2075
98489 -62877
-7499 35312
99332 69093
82356 62697
46708 12768
7938 -90760
84519 -6511
22657 -32613
85976 -94421
35843 -8809
78439 -94693
99838 -53702
68714 -49170
93360 65795
-45867 -55803
-32131 -47378
-91591 60370
15023 -92260
-43448 -2622
70437 30349
-89855 -21625
39589 21753
-1047 -37754
16230 -15071
-32175 -47928
3209 73353
84470 3046
46740 53183
-19034 40100
18977 35099
84297 86846
14810 92706
-25695 -70168
27536 30857
-45701 -2028
-38795 91535
3436 27883
-59624 -97611
90129 56606
-85593 85043
-91322 17616
58396 20237
47751 5135
-26581 55806
72324 19486
-9095 56620
6331 32804
-23585 80636
-10274 -96050
11492 -28886
-70989 -214
-37352 32448
-72331 -69886
-38074 44887
86720 -96578
29930 22487
-51873 -84586
-57277 95878
-52362 -56768
51684 -80038
1000
-4557 3045
7277 -5272
-435 -1999
8491 2661
-4151 -250
1470 8101
9423 3447
9927 2512
519 9456
3219 -7141
584 -6248
1532 8610
7280 -5246
-9264 -2420
2823 752
1337 -8014
-6204 2334
-3286 7083
-9665 -1075
-257 -95
8676 -5067
-1995 -8182
8381 -2069
4330 2620
1107 1269
5479 -4589
5022 -2989
-2259 6022
1765 -1522
-6399 -1692
9230 8659
294 -3253
993 -9272
-2450 5049
3375 -8987
-5047 2050
-4053 6680
7589 -5673
-5390 1918
6947 9439
-3093 6147
-5151 -4351
-6843 2591
-8329 8643
-5211 -1007
671 -2261
-2348 -9036
4486 -7635
-4587 -7965
7414 8788
-6951 -3913
4558 -1004
-7234 2146
7044 1098
-5937 7711
536 4692
3857 9106
-9660 -9266
5417 -7989
-6903 -9795
1005 3768
1666 -7623
8453 -3849
-5258 -6134
1908 -7845
-3626 4957
-1758 -9068
-2327 4730
3078 -1563
-4173 -9138
-132 -9917
9275 -2554
9189 9615
1901 8327
-8374 4999
-7748 6352
-1234 3918
8729 940
-9931 -2809
8527 5698
3067 -5100
654 -8692
-447 -7953
9759 -3648
4205 -694
935 -2207
-611 209
5239 2299
-177 861
625 5170
-4141 6598
5242 8346
516 3970
-715 4306
-8840 -2189
3 4227
6433 -5623
9257 -4015
-3576 -7265
6058 -5651
2042 -3008
2142 -8570
7201 1102
7450 745
-8038 -1926
-365 1542
-5328 -5123
-113 8909
-7433 -7107
3214 -2551
4425 -6784
-4604 857
-2407 -5348
-9437 7738
1109 6621
-4193 -6850
-2666 7949
-1699 -1745
2771 -4249
9000 4733
7546 -1365
-3726 -4062
3512 9883
-5154 6079
-7225 8060
-6473 7200
-5004 -1076
1778 6310
7297 6062
7768 2126
6403 -6426
5276 -6264
-8477 -6423
1992 4294
3049 4712
2748 594
-6654 -7258
-9747 -9422
-7376 -4901
6658 -880
-3120 -6095
-3680 5597
6550 -8182
1907 7568
7880 -326
-307 4282
3249 -1310
-8261 8493
5988 3731
6507 -964
-1558 -746
-6650 5510
1997 -6397
6088 8342
-1297 6466
-2538 9304
-5908 3782
4900 -9359
9321 -3194
-8071 7200
-9799 1623
5202 7171
-5967 6941
5663 -9980
4392 2169
-944 -3445
-4856 2406
-7936 -9139
6010 -8128
9203 -1567
8339 -3336
-2264 -7570
-5834 -3644
-3208 -6514
6884 2443
-5594 7085
-2214 -6671
4255 1819
-9731 3638
1839 8383
-473 -9106
-5063 4671
7021 722
9253 3030
2594 8456
-4817 932
-1160 2919
7083 3007
9276 -2404
-9787 6159
-9962 -1659
6964 -2176
1670 4939
9643 5660
-1424 5202
4042 -8177
6096 -7301
6495 6837
7142 9468
3588 -264
7923 8771
-5612 -3237
5411 -4808
-6510 8407
2788 -2576
8286 6547
5765 5249
-5630 -2566
187 -2267
-3185 -7517
-7066 -9144
-5694 -7250
-2723 -5479
9587 -5582
-6011 3174
4154 -4368
1945 -7737
6116 1076
-2545 9606
-518 -9758
-2970 -2233
-9491 -3485
-6985 -5121
3950 6923
6333 -9236
-6874 9267
-4659 -2568
-7984 6339
5675 -4677
-9243 9664
8498 8632
-984 4163
-9106 -4868
-4762 2070
-1542 4720
6033 9209
-3793 6542
-4276 2943
-4859 -6606
-135 -8527
-2121 6712
-5540 6941
-5857 197
3280 -6462
5521 4037
-3078 7739
6389 5939
5622 -8996
-8930 -9141
3074 -472
9300 2828
-1263 -773
-631 8182
-7831 8232
-8425 2034
9705 -546
2466 -5835
-3606 6609
4362 -6606
-6132 3603
7431 790
1341 7541
-3272 -3038
-7735 1519
1542 9060
-8953 841
1887 3505
-6212 -5023
5407 -4043
-6792 6982
-8289 -3367
156 4177
798 -9730
4507 -1119
-6335 8375
-7517 -5184
-836 3825
-3923 5893
-5493 -1658
-2589 6050
-2598 2179
611 9289
-596 4400
-5735 -1469
-9644 1194
-4488 -7932
7828 9389
9966 2346
-6620 4472
-8774 -2955
2846 -6290
5582 -7990
-8745 -8341
-8377 -517
1 2755
-4468 7403
-1345 9865
-9588 -8221
4264 -1602
311 8341
9593 9544
-5871 -8860
8933 -5905
3486 -7688
8567 4713
3078 5134
-7857 2380
-9136 -2881
4039 -7513
6602 -2239
8963 -7866
-1116 -2383
-8002 -704
-603 9983
-8585 9708
8323 -8993
9251 -3827
-7853 -8097
268 5633
-2064 2555
4066 -5266
1409 6209
7115 2273
-6673 4874
8481 -6350
-3645 7444
-4216 5240
-4940 1503
-1744 8178
1485 -329
7885 3528
4399 -9144
9701 6546
-3520 3689
5900 4417
-35 3686
9151 -8627
-105 9986
3647 6943
8581 2127
-9408 -5065
3291 97
-9826 8352
-4680 -1569
-9751 -9475
-8178 8135
4054 6222
-7289 7475
6488 -809
1164 2387
-2672 -8872
-206 200
-7499 -6591
185 9869
-9649 -1235
5717 -5335
3701 -993
8483 7596
-2642 -6197
-253 1329
-5672 1570
3184 -7898
-2209 5895
9578 -5722
-1194 4462
-9614 6135
9311 180
55 -4468
3589 -9761
-4599 7661
2726 -8883
-3954 147
3845 -1750
1463 -5076
2053 -8790
6253 -9899
6501 -564
-4075 -5709
-4670 -4498
2290 7857
-6316 6397
7712 -7006
297 -2234
2247 -2394
1727 -8632
-1012 -1827
-3794 8755
8320 -9949
-2996 3503
-5025 -7223
4713 -8773
-7121 4934
663 -1196
9225 9714
8027 5236
7570 -4569
5353 9003
2146 -4350
-3232 -5608
6977 8495
-4239 -4036
-3333 1967
-1560 -1293
2018 5444
-7790 6993
8222 -9357
-8060 -5179
5578 2603
3625 8523
6037 5372
7479 7328
-9198 2832
6330 2948
-7798 -6903
-8940 -7101
-8408 -3179
2585 1980
8789 -8976
-5592 806
6468 -3382
1520 8410
982 3460
-6770 280
-216 -9425
-1197 -4180
5947 2
-6853 -9531
-7167 9477
7138 -1244
-7426 8199
5377 -2113
-4981 -2039
-6413 -2472
-1015 -2005
-7945 -827
8334 3575
-2417 -684
755 813
-6684 -9462
1389 2119
80 1056
-7879 3227
1526 -1325
6425 2384
-8848 -7281
582 6529
4327 9323
-1790 7914
-3150 7195
-370 -1095
88 -2037
-3800 7671
-9001 6956
-1516 -5684
-8786 -6407
-9845 1294
4649 -4003
-5479 -105
4673 -9055
-4000 9546
-2615 -9698
9795 -8289
9625 -1996
9625 196
-1081 2975
9101 9007
-9062 -978
-9602 -4342
-4023 2603
-26 -2809
6196 130
8486 4565
6127 -3273
-1819 4520
1393 4181
7786 8778
4483 7580
-9512 7829
-696 -6167
-1976 8223
6809 845
-9050 -8533
9867 -8652
-2875 -436
3951 7100
-9524 3867
950 -7318
-1569 797
-591 -9668
-4683 -5478
4513 -3177
-2980 2717
-5597 -2492
4266 7428
5062 -7711
9372 5591
6855 -9679
7058 -9558
-4610 -2096
3727 -6939
-1276 4203
6928 9674
6885 -921
470 14
-588 9508
8257 -2355
-3669 -4724
-5918 4455
6505 8348
1882 5288
-5643 4974
878 -8788
9016 1657
-4625 -5595
9561 9102
1187 2005
3305 -1886
1678 3910
-9086 -4132
-2355 326
-903 -4099
7971 5428
4899 -7947
3603 1403
-5879 -795
-3310 -1521
-5821 -8711
-309 -6806
2946 5066
1321 6227
4167 -7493
-1769 1192
4343 -6371
-1177 5257
3218 6468
-4418 -7686
-3911 -2727
-8538 -9013
3047 5065
6112 7169
-5730 -7199
-632 2170
-5910 9059
9085 -9244
7845 405
-9297 5732
6634 -1066
645 976
6284 9468
-3768 -498
9656 5535
1816 -535
-3472 3279
453 -6704
-1657 285
-9536 6334
6807 -168
2224 -5382
2611 1309
-4626 4176
-4566 -3922
3628 -4212
8733 -5728
-9516 5017
-2540 437
-5482 -2885
-4029 -9946
6581 6221
3333 754
9517 -4603
-8962 9981
-4549 7845
3533 -8604
-7538 -136
6426 1558
-2240 -8141
-8644 -8613
1369 -9912
-4340 1853
5105 3120
-7710 -6657
-6044 1982
-6602 -9464
-1798 -9549
1290 -2282
-431 6049
1419 5021
7614 -1328
6417 -6203
8536 2842
5355 -3705
8422 -9569
1404 3511
-9481 7064
-4636 9346
3904 1375
-3591 7860
-6644 3528
8396 1559
3980 3406
-7003 -6452
3175 8138
-7711 789
-3191 8706
8307 -934
5268 7382
9082 7411
7813 485
921 -7948
1269 -9995
-8603 -4827
1380 -2193
-3247 4737
-4945 -4851
16 9035
-7725 6734
-3696 9172
4871 -1407
3681 -8320
1020 1987
746 -3713
3089 -173
-2582 901
-5967 8340
2953 5302
8345 8072
-5805 -275
-401 949
-1818 4654
9819 -8082
3689 -4186
8652 -6287
-5015 3523
2306 8666
5203 -6675
4373 -331
3334 -2539
-6784 -5528
8362 -2751
-7189 5036
-3728 -5123
3107 467
8323 -7295
-8585 225
7359 -5046
2143 4768
769 794
8481 5754
-1963 4508
8141 -6761
-8447 2513
6629 8608
-6305 9846
-6920 -4223
815 -388
-9188 -9193
4489 7640
1275 6532
-9656 6411
-3244 -8576
-4914 -7381
9913 5855
7135 8394
5329 -4829
6622 3469
2132 8175
-297 -1240
6783 3398
2326 -6417
-7105 -3138
3195 -6292
-2331 1405
-8653 -7336
-2064 -4587
-7204 8414
558 -2118
-5247 470
-2543 -8113
2584 -7215
-2941 -795
9976 -7089
1101 3399
5392 -2117
517 -2282
5187 3412
8301 -1619
-9160 -310
9786 -4091
6076 1443
1322 -7408
3577 -4400
4195 8330
6070 -8349
-6062 2375
-1843 4718
-8421 1853
7629 6401
-4749 3020
-1996 5768
-5542 -6810
-820 -7242
1572 3741
6170 5078
9650 2245
241 971
4837 -6183
6571 -969
-4132 6362
4403 3527
-1264 -7441
-1756 4036
4413 -407
437 9664
-7388 8441
9153 -2929
-8369 2053
3550 6924
-4207 -281
2001 -4557
-4316 -4037
-9866 -9480
3501 -9574
3272 -6911
6788 -2326
6616 -756
3955 -5141
-3000 -1633
4452 7437
1751 -9215
9599 4624
1577 -5050
-3324 -4874
-8127 2470
8567 7595
-8367 -2029
-6443 -8233
2213 -9221
-7807 -4516
-6132 -7299
6880 -9516
1945 4555
-936 -7334
-3358 -2763
-9898 -7887
-1978 -6579
6738 -6681
-1629 -6587
2166 3965
9604 4453
5281 -5043
-7576 -7442
-3275 4637
-6663 2639
-6159 -2794
5341 -5559
1411 1006
8996 -9526
3672 -4363
1432 7496
-2249 -6826
-9084 -1791
-3507 3009
5343 8660
694 4947
3112 -305
9904 9257
2254 349
7614 9312
-7012 -8545
238 8329
-383 -4631
-666 2334
-4156 -3273
7971 -9004
-5778 -558
-5829 -4862
7651 664
-8133 2994
3044 2562
1661 -123
-7744 5285
-867 8231
-4366 -3253
-8737 2343
1923 5222
671 -8461
-9409 -6275
3873 156
4173 5565
1152 8395
-1273 5323
-2746 -3622
-292 -879
-6908 -3528
-4597 8474
6349 1381
3758 -4518
3332 -6888
2229 4595
9176 -5849
-183 3567
-589 408
7293 -6716
-5716 5186
-7431 5436
3581 1296
4480 -9166
-8606 -2092
3676 -1793
4380 -7200
-3320 729
4181 -5841
9932 -2488
992 2160
-4172 168
-9969 9366
-6266 -558
3494 -5253
6447 7778
9934 9016
6934 7235
312 1413
8069 5427
9321 5465
-6366 7422
8265 4035
1871 6166
8194 1802
-2601 2907
-2318 3227
-6926 -2287
6313 529
-9125 -194
5277 7323
1304 8931
-9942 -1763
6165 4091
9651 7954
-482 -7309
3418 3152
-6167 5404
-2814 5704
1569 -899
1226 8968
-7993 8908
5915 -1198
341 2227
9331 4938
-4247 8328
2260 7057
7258 6039
-4706 7143
130 -1335
5096 9648
5077 2235
6520 8911
-2362 -2574
8335 -7073
-9753 -439
-8105 -7746
2189 -8470
1056 -3749
3758 4108
-8812 9511
2435 7169
-9712 3414
3207 -4418
556 -2943
4247 -4348
-3296 3044
7887 -3056
1954 -755
8092 289
2172 8339
-6430 7788
-9407 9480
9319 5370
-4270 6797
-523 -3082
-9973 -4367
-2193 -9685
9047 -5265
-382 -398
1792 -2415
8975 -7783
-9371 6861
-839 2583
-3895 -2748
-3408 -8002
-4409 3883
9786 -95
3363 -7176
-1005 9093
9621 -7807
-268 -6631
-2174 7539
-6316 -3128
-4006 7024
-9806 7787
-5392 9170
-9997 -4763
9751 2885
-8459 -423
-6142 -1867
1575 3170
-4263 5081
-6926 9100
7906 2069
8192 -8754
4262 1644
-5385 -4192
2904 2021
6401 8898
-956 6596
-9596 3652
5765 -9593
-7390 9236
3293 -5849
-1188 -9129
6005 -9614
4041 -8259
5468 7115
-9160 7094
2904 -7247
8340 887
8118 -3324
-9585 1021
8697 6817
3640 -2260
3412 4044
-4888 2897
4452 -2278
2132 1465
5594 -9056
6057 1599
-4949 97
7061 -5761
932 -8378
-8668 -6165
-1904 -6607
8443 -3787
69 8859
-9045 -1235
9396 4595
-9775 2807
-1362 -942
-576 -3190
-9499 -4724
-8005 6095
-3780 8052
1414 4993
-1852 -1525
9232 -7200
3818 -5715
357 -8087
-2322 -1201
1847 7747
1378 2802
232 773
-2604 457
-2700 9756
-6765 -9556
286 -6264
-4279 6003
9832 5662
4054 4966
654 -4077
-2839 -114
-1277 -9022
4171 9080
-3388 -4431
1600 8460
-6685 -3302
1261 7268
-8808 -7622
1445 2213
-4146 4680
2658 6140
8417 8379
2142 -8032
4040 -83
6934 -1585
9561 -5905
-7979 2004
-1206 9913
4805 5407
-4519 125
3866 2517
6823 -1153
-216 -8265
4946 -8772
7670 -9201
5908 327
6940 8045
2426 2802
-9988 186
-3561 -9333
8601 -4001
-5238 -9379
-8276 7277
