100
13151 14834
-41301 -74094
47206 -92870
-61057 89554
-46306 23641
-36827 -18127
-74966 55069
-93712 33870
-54914 -49249
-63181 67513
51874 14631
-6825 -56286
29441 15465
-27827 -23988
-11214 -95852
-63375 -98064
18983 -77587
-72158 -33812
56633 93876
82832 -89673
17516 73094
-80711 -30361
-44749 -74423
-96492 337
-96583 -59672
-32150 55291
-17952 -11886
99006 38578
-96421 98268
-85410 -7635
-97585 -48785
-78610 -51513
-99283 76323
-58235 -15561
70198 51686
-78145 -85198
-48132 -58856
-88470 7120
-33279 42129
34546 -29862
82457 29485
52519 91594
-82401 -21387
30171 -78822
-23120 -28150
-59368 -93616
-49846 89112
-45128 -49129
-7477 -76274
35311 89810
75412 57166
-95389 -72721
98311 43232
-38512 92121
-14640 96035
89349 94906
-47392 41867
13588 -29793
47569 -56242
-81526 51538
15609 -40894
57922 -7148
75308 39883
43724 -32170
63609 -93877
-42360 -33891
-9622 89341
-6611 -84223
32572 54877
34988 45021
-22000 24336
39926 30609
93292 -46487
27905 -32051
-75639 46380
-80514 -32941
32575 77408
59911 7882
-55620 -69277
75713 -92012
63936 60442
-25902 -45686
49782 -5424
97181 -90557
76542 32168
54464 81632
83593 -78521
12240 3973
-25008 67234
71922 -73558
13613 91408
-6499 -53812
-4095 80502
-18841 40285
-88776 83961
-24638 75161
44402 49460
56564 -78727
71125 53744
57806 47667
1000
9127 -6112
-6774 3240
-7345 6629
8395 -9023
-9494 3932
1061 6038
-1407 -4722
-879 -4754
7762 -6042
8452 8544
-3763 7269
7302 -4191
-3631 -7968
-3903 3664
-7234 4311
-6391 -8108
-8080 556
8853 -5425
905 7247
-727 1412
4900 -9666
1170 -6508
-667 -5989
-1262 815
-2031 -2811
-642 7927
-5543 381
-6264 4547
6134 3554
-1789 8900
-2135 5541
-5488 3506
-3903 -6635
-8199 7002
-5668 1075
2134 9232
5130 -2976
-7277 -1817
1035 5182
-7282 -7275
-3909 5797
-9349 4270
-3823 -1892
-1184 -7689
-8338 7027
-5069 3248
2568 -556
474 -7615
6530 2275
-6893 -9139
-2930 8963
-6186 -4080
-4014 -3463
4103 -9258
-4560 6821
-6533 1531
6339 -2161
-4200 -7485
9669 4617
-1453 -8670
5364 3479
8299 -2069
-3357 -1228
4037 -6828
-8954 7145
-2246 1838
9828 1568
7758 -4187
-8174 1861
-3445 987
2402 3743
-7483 2461
-4697 2039
4977 -5029
376 -2756
22 -4261
-5557 -1680
7392 1086
-9188 1428
7979 -4421
2293 -546
7417 2120
-8979 5175
-8346 -3432
756 1930
7555 -3122
-4327 -6207
9340 976
5832 4316
5947 -3793
-4720 -4032
5667 -276
8009 3058
-9191 8821
-5514 -7491
-5601 -9501
1963 -8184
2620 6705
-9289 4274
-3006 1467
-3797 -1731
8345 5597
2062 7684
-3428 1614
5720 -3761
-8459 -9000
5928 7209
724 3936
266 5254
6477 8473
-8517 -9124
8973 3446
-3587 5313
3872 -2876
3307 -9135
-7689 -6770
-866 -9345
8828 -5083
-7940 -880
6531 7780
5360 -8207
-7500 5008
9002 6945
-1056 2988
5920 -4580
5182 7403
17 7875
4570 -9850
3187 2162
995 214
3027 3306
3444 -7840
3962 2271
798 6022
-4888 -2671
7522 -9529
-878 -6257
5479 1844
-9313 -1857
-5169 6607
7285 -6267
7731 1022
-8393 6021
1173 8515
-1818 -7833
-1272 -8792
5474 -7828
-2911 3156
8164 7888
2898 -6725
-1063 419
-2533 -8221
4162 -3333
3623 8571
4810 -7826
8898 5815
-4092 -9652
-3163 1236
6369 -8270
-249 -5450
-6103 8479
-521 -6909
-9350 -9711
6247 -7465
-8103 -856
-4190 4555
-6716 3278
6334 7446
-6335 3677
9737 -7805
5851 8635
8011 -4521
8983 -1432
6716 5352
298 -3534
-6378 7916
-5056 6823
-8993 -684
-9168 7254
1851 -7271
-3602 -8619
-8996 -318
8380 7338
848 -7956
1014 585
-2039 585
2940 -4029
6065 1922
8260 2780
994 -1443
-7034 8338
-3528 1631
8881 1200
-5333 9713
-1546 -9762
-3838 8573
-8380 887
1975 -6280
-1776 -3457
-514 -7042
-9152 7447
3543 3788
-2862 3328
-569 -4603
-172 -5855
3954 2794
-3797 -5854
-1854 -4917
5347 2813
-1484 -2479
3052 8399
-186 4672
-715 -8212
-7888 -8771
-1669 1598
-5813 2901
-956 -8549
-3312 6182
8500 9840
-8422 -1672
-2294 9253
-5158 3909
-2880 2988
-7287 -3813
-4199 4950
3708 8853
3349 -6479
7245 -3646
-970 9357
-2416 -8919
955 5492
3982 -6281
6943 -5609
9902 9164
-2049 -8521
-2509 5657
-5547 6054
-434 1573
-958 6000
7760 8564
949 5188
-8864 -1982
-7571 8381
4373 1459
-8543 -8044
6261 6133
-8832 243
9853 -8168
8355 9754
-9005 -3695
-5047 2207
-8038 -594
-1740 5249
-5301 -8978
1248 -3821
9586 -4083
-8634 -9279
3936 -2484
-7178 2029
8975 -5720
7706 5236
-9588 8874
-801 -6015
-9295 -2447
-6262 -8300
3858 2413
3907 9541
-4461 -4112
4789 239
-3090 -243
-9862 217
5675 -4774
938 3331
2742 7482
-4641 5438
-4518 -6936
4394 -4106
-4342 -6408
3601 -3636
4866 7339
1785 2444
-249 -4308
1985 9012
5301 494
-750 -7790
-9749 3109
2427 9647
8335 -2914
2977 1077
-5433 -7944
-3486 49
-1159 -5372
9664 4499
-1780 3264
-9138 -3194
4324 2648
9250 -2205
-7940 4955
-3194 7361
-4551 9777
-6709 -4300
2886 9440
-4654 1220
246 -7957
-3983 4813
-2180 2531
-1418 6661
-9121 1966
1159 2820
-1049 5743
9626 -6726
2111 -7404
4790 7892
7551 -8404
8973 -7001
-8628 -7737
2420 7979
-4577 -8514
-801 5669
-6471 5216
4202 5070
1468 -3496
1730 2347
8471 -3390
-4833 1142
-7648 -1487
4416 8184
1109 2926
6075 -1340
4522 5047
1659 9616
-8970 -2200
7594 -3546
-714 513
-4157 2816
-550 -9955
-2115 -9083
-3451 -6664
6985 -1260
-54 -4128
9882 6019
8107 8018
7923 -785
944 3997
-8405 -4535
2764 6976
-1199 3794
-5225 116
-6032 4061
-9372 -188
597 78
3578 8483
4716 -6153
-4461 5422
2588 9206
-8707 6190
8945 -6880
4208 6867
2336 -4849
863 3931
4337 -2653
4627 -3141
-8860 9402
6975 -1170
3463 7603
-7638 -5941
1402 5940
-3738 -3883
9787 5522
-8462 6095
4727 -3447
2285 3671
-327 -3508
537 -4271
5364 -4880
-6619 3421
6188 8008
-9721 -8951
7410 7254
-121 4593
8578 2241
-7628 -21
1901 -1365
9817 5408
-2123 -8645
1503 -7396
1629 -2492
9996 -4978
7721 533
752 3084
9374 7854
-3496 5562
5861 505
6611 6991
-2242 210
1583 -3665
-7550 7677
6314 8072
-3689 9852
3479 7909
-8794 -1298
-9488 6556
6210 -9492
-4702 3930
4762 6050
734 7856
7624 -9041
3417 3485
1464 3748
4196 9222
-6043 -500
-722 128
-2824 -688
1920 7208
-837 -4601
5116 4090
7822 5629
4366 4032
9858 9665
-2039 4619
9435 -7584
2474 7059
-6625 -388
4264 4839
-2920 -1541
7781 4759
7959 -2942
-1393 -4866
-9909 -9473
-7659 -746
-353 7458
-2935 -2532
6807 -8570
-8501 6664
-8906 3182
5003 -9471
9319 1197
7588 -7307
-5471 1851
7532 5331
-5970 9033
89 -8011
-188 -7584
-2877 -97
-7057 3186
-7123 6311
4364 -58
-6221 4891
1373 -1001
1554 6188
-4099 277
6717 -4781
-4806 8025
1633 -276
3596 -836
-4946 7627
1918 8864
-6664 -8271
-8721 4180
1632 -2056
-2635 4509
-5746 -4551
-1828 1754
-9661 -6735
-9247 5614
9453 375
-4110 9891
9316 1085
-8365 948
-5471 5232
-6167 3304
6579 5751
2167 9915
7480 3446
4094 2832
-8611 -4820
-2660 -635
4350 9233
-8882 4690
-7503 -4408
303 -8050
5968 9915
-4439 9004
4720 -2804
-49 9249
-7573 3784
2552 -7274
-466 -1561
-3639 734
-8116 -5824
-6435 -3005
3077 4627
6360 -2574
3859 7478
-7885 6357
-6930 2419
-7973 -7242
6054 -2412
-8239 773
4784 1712
3742 -9068
-783 -3707
-6342 -7529
4732 3741
6927 -9664
7917 -9509
1052 993
5118 1132
8419 2698
-1390 -5745
-946 5401
-9606 4802
-8121 6448
-7611 -6360
-2780 7173
9073 -9039
-8175 2010
975 -795
8203 -573
-7055 5129
3484 -5418
5620 -5464
5575 4459
5668 7714
-2844 -2002
-8032 9931
-2881 -7638
8453 -1002
-7470 -9159
6359 -250
-8266 5432
4432 -6440
1162 -873
2765 -636
8554 9431
-5508 2038
-5988 -6167
-9706 -6693
8292 5962
-8980 -832
-2319 -3290
2819 4800
2793 1271
-6202 5324
5833 -9844
-1206 7567
9309 -6774
-8874 4192
2353 7612
-6445 4628
7042 -1952
386 -5226
5602 680
-1919 3893
-3359 2823
-3219 8043
9533 -6680
2843 2325
4591 -9639
-2352 4144
-9483 -9837
1710 -6453
-6611 6558
7739 9463
7890 -4986
7811 4932
6783 -1804
-6574 2384
8876 1508
-3 -762
-5670 6778
-2720 -6138
-6182 -9878
9908 -7871
-9517 1277
6273 -5278
1440 -2017
1990 8550
-1739 3449
-8268 -3850
8463 9544
-5198 5246
-2261 -1771
-2371 336
9737 7627
9574 -5934
8125 -3147
1649 -8057
697 5277
-5928 4901
-3447 -5934
9623 -8287
2049 1612
-6017 -5970
-1219 -4284
180 -2756
-1020 4983
-7511 6719
-6789 3839
775 -3332
5186 348
4455 7032
-9078 -176
-7305 5340
-4900 488
240 5375
4554 3584
-9192 323
-1084 -5208
4353 7698
508 -1746
-5059 9488
-6764 1151
9927 168
-1290 702
-9444 -6104
-5230 5011
-5352 -587
-5166 -2657
-5248 3655
-8449 4993
-971 6106
-1424 -162
149 -8788
8351 -5498
8910 2579
2756 -6150
5787 9713
8722 5713
3601 -2568
135 4157
5049 8627
-833 9697
-1961 7722
760 6513
1376 2311
5226 -5874
-1584 -2478
7685 8566
-1266 6035
-3212 -2356
-1387 -6736
5215 -5601
-7024 3937
-6168 -9703
-8632 7689
4454 -9863
-9965 -2659
9834 1795
-1217 593
-1693 -9842
-3376 -6468
-1995 5041
1054 -4311
7327 9789
-4556 -2165
1153 7778
1099 -3633
-4103 7796
-5976 -270
8093 -4608
1139 6267
-750 1174
-2672 -917
-7032 6111
-6604 4997
9990 21
8529 -2005
-1218 3304
7405 -3892
6813 -3430
7664 -2035
-5653 -1238
8053 245
-3443 -7923
-6305 -1630
1190 4834
-1643 -9560
-272 5685
3244 6417
1795 6641
1413 5505
382 -58
-2780 9164
-3034 -5375
-1008 -6222
4916 -3345
5464 9263
5417 7237
3228 -4306
9314 6923
7785 504
5477 -3859
4665 -4796
-8175 -2092
-8379 7341
-5452 3034
2845 4930
-3304 -6214
7814 7383
-1589 -3195
-8840 -6674
7181 -9656
-3691 2597
7582 9538
-7989 -9385
6460 -6484
4840 5658
-343 -496
-9139 5203
7413 -3797
6264 -4319
-7042 2830
-5668 3375
6616 -7855
758 -1253
2672 5639
5794 -148
9705 -7898
-3830 7286
-8361 1902
7901 -8180
5419 6462
7478 -1204
-4035 -7941
-6001 -2902
-1737 -6017
6501 4942
6813 -9168
-1684 7149
-3302 9074
-4105 -6910
8434 -8312
2943 8138
-6209 -7167
9144 -849
4735 -9236
4692 3874
7226 2169
-7330 -6809
7950 390
4010 -3788
4373 510
-5126 4907
5063 3190
2055 -4518
5985 7951
2293 8139
9639 -4765
6276 -2850
1789 5419
-9978 -3476
9904 4714
-9603 7130
604 -3212
-5959 -1447
7178 8051
8486 1551
2282 -6641
-3543 1065
-9731 8512
6547 9975
-9818 -1160
8113 -6458
7796 4388
4413 -415
3527 4435
9830 3431
2870 -6053
4281 -6527
736 8322
5747 -2087
-9908 7953
-6816 2374
-8689 3362
-6561 -4699
5595 -6294
-4724 5777
6267 -2891
-6961 4063
-8503 7453
-2632 8745
1887 918
5896 -5244
8586 176
1950 -679
2218 1417
-9045 2311
-631 -2140
-5316 4401
-8778 1844
9703 -9463
5551 -1301
6314 5538
5808 -6926
3321 -8975
-9474 -5591
-6509 2413
5327 9387
-9110 3913
3284 6561
-3046 -4499
-2022 1630
7812 -8933
9491 -3783
5469 -5567
8061 8892
-5030 7332
1311 -4996
2870 -2882
-1922 -3810
1865 -1396
600 5356
-5262 -353
8463 -651
-2720 1746
-370 7956
-9032 -8672
-415 8780
-7604 2796
-5004 -8415
-9051 -6943
-5803 -4081
-5891 5508
4645 6979
-3654 -7278
-3110 8211
5048 -8790
7287 -6494
857 5750
6576 8138
1216 -3795
6093 2184
1255 -602
4685 7372
-4085 9681
8957 -3136
-3542 -3126
2784 568
-7619 1149
1267 2448
7592 8157
4380 2639
9367 1666
9866 3945
1136 6441
5803 -7648
-3633 1895
8257 7622
-4987 2941
4993 928
6343 7670
7793 -7200
-5457 4297
7089 645
-4555 -1644
-6908 -6964
233 7472
9397 3321
2859 9262
-2735 -6006
9424 -6933
67 -4210
8683 2045
-2868 -2584
-5015 -7876
8345 -8673
-6486 9858
-2151 -1943
7875 -5063
-7578 -6681
7014 -4486
76 -2753
-7014 -528
-5712 5845
2455 1553
-6441 1878
8341 3627
-8612 -9257
-608 -1480
-1841 4377
4365 224
9426 7879
3802 -2726
-344 1676
5932 2078
4995 2946
-8688 -1208
-9808 -5702
-8016 -1799
-6137 4439
9754 1144
37 -8186
-1509 1425
-7443 7883
9945 4437
2259 8030
-5339 5405
9629 8463
-7322 -716
3860 8611
-4918 -1146
5277 -3605
-8634 5469
4414 -6649
-2610 -8002
7790 864
3142 -2173
2678 -8368
-7028 8956
-6765 -3362
3392 9215
-5333 -8227
4620 -5704
-6043 -8982
7301 7817
9629 -7617
391 4905
2499 5479
4094 -3088
8830 -8517
2631 -9661
6068 -4228
-1834 -1255
1125 4860
-2300 4360
-8503 -5187
3575 -3836
307 1915
4181 7985
2933 1482
9522 6283
3865 3634
4908 84
-888 -998
6996 -2059
4206 -373
2001 274
9120 -9833
-7261 3966
5027 4161
-1675 -9756
-7306 -4380
-3592 3001
-8745 -9411
4707 4189
2071 4228
471 -344
1582 -4622
9740 -9307
8101 -9545
2355 6028
3803 -5644
22 6644
-1756 2761
609 -3009
642 -7346
-2765 3336
1996 3643
58 3251
7953 -5236
-2561 3744
-7288 -8370
-2880 4295
730 580
8709 -1170
1036 1064
-1422 -1441
9141 8600
-4798 -2616
5082 9532
8096 -4277
-7814 -4670
-7220 4182
-7307 2838
1153 -9354
-8678 -7687
8111 -2245
-6057 -4769
-7951 4673
5811 -9242
-2776 567
5543 9523
9127 4683
8123 -1951
-4213 6925
-2419 -6118
-3632 3488
-788 -852
1390 5626
-4294 -7458
9993 749
-5145 8104
8505 -1201
-6666 -9447
-2808 -7135
-4968 8137
3433 -5705
7660 6280
8978 9503
