100
-19871 15402
-77186 49144
-86930 62252
32572 89411
-95575 79683
58767 57177
-15283 66857
-51394 -6347
2322 17230
49886 66148
-16234 -30023
-90624 -19101
2130 20745
-13206 63626
-27478 74596
-46608 52651
-10003 -23794
-71117 -69844
65547 61456
46657 -2938
-31773 5423
-45762 52945
99370 2844
-53403 1691
47164 23573
94928 58019
93550 31393
66007 -4321
-47862 -47199
86395 24660
54486 -60214
-95601 71572
-56918 -66717
-98273 35718
21828 -24527
-67221 17144
80897 -85893
-29912 7355
-55960 16686
-90955 91204
-59742 31063
-23688 60897
-37545 69408
83665 -58318
-77792 70059
-6569 3783
36935 -2169
-24646 7106
-41797 -95829
69913 7120
-20356 29782
-75737 -39460
43889 -5648
-5016 87929
38127 4030
6222 5474
62182 9623
-33630 51726
-20970 -49966
93409 -71672
47183 -86072
32111 -88794
11759 34555
18312 -2949
38726 -84687
31260 -81631
45095 55524
-94001 -11017
76965 983
-95999 -57820
32102 -62688
47654 -78628
-25976 41113
73099 53054
18236 -6404
8471 92508
7524 67672
-96287 46373
2226 -50886
70513 68041
-35572 1773
86410 -90478
-42704 19498
-74405 61350
-79519 -70404
-96471 -20328
93998 51183
1045 -31979
-80616 -25857
48164 37620
-5172 83725
-42783 -97649
51396 -39070
48724 80711
-62866 19237
48751 1562
-78991 -37751
-61827 -94606
81748 -36232
66744 29318
1000
-7922 -7148
5049 -3845
-123 3246
6571 1214
704 6585
-1418 9768
1337 -7966
-9018 1833
-7380 8346
-3852 348
-5028 6837
9829 -6317
-7738 -5851
4468 -3199
-995 8823
-2245 1083
-4605 -3475
-9041 5272
9771 7530
206 475
4114 8789
242 -829
-9178 4945
-8997 -2837
3291 872
-8769 8263
1429 -8941
-8054 3692
-1070 -9866
-9508 7935
8958 1969
-983 -5648
8494 3697
-6655 8264
1227 3551
-1262 -939
6060 -7299
-8047 6883
7646 -7044
-5955 936
7550 -1002
2920 2699
57 8587
-3610 8987
8721 604
-9359 7678
-7428 -341
-4249 -5214
-6645 2817
-6951 8303
-3633 5509
1085 -3852
8210 3038
-6970 9576
9715 796
4233 -9016
9794 873
3684 3572
-541 -6206
6279 -1821
8119 6921
-422 -5589
300 5329
-803 7376
-1855 2247
9400 8233
1476 4205
-5620 3406
963 1131
2981 4398
-4352 934
5383 -838
-8194 2787
-7267 1265
6581 -7267
-6835 4700
-6626 2743
-7169 7395
1792 2029
4770 9937
-5725 7890
-8111 9472
2094 -9
2877 -3223
-8879 -422
-8825 -3231
-9488 6558
5932 -3961
-656 -7615
7305 -355
-4882 -9531
-1935 2213
6933 897
-393 -1276
-7075 -1902
2381 921
-4013 4270
4113 -8198
-5740 -3011
-1421 -897
6567 -246
9593 -9201
32 5524
-3161 -6904
-8370 -2136
2742 469
2054 -5473
-7318 -1014
9145 2289
7710 -4210
-5893 3811
-9569 95
-1920 4544
1897 6062
-8468 -5804
-1115 -8180
3951 -1523
-3660 -6018
-2278 3179
-2921 -648
-5237 -6459
-6459 6817
1789 -3777
-4198 934
-7767 -2768
6724 -3660
-8958 7156
-9845 2844
1699 5773
-1095 6953
9970 -8490
-7507 3920
-13 -1167
-8378 7709
-4267 2422
781 496
9684 4323
-2687 1473
-5734 3115
-3873 220
-5932 -3429
-9719 -4890
-6274 -9564
7954 9147
6210 579
9820 6179
2089 -7688
3819 -7924
4866 9162
-6495 -9402
1584 4287
4816 1267
2330 -7872
-3540 -9684
8964 2587
537 -6969
9159 818
-1858 -3395
4975 -184
-528 1184
-9605 -709
1083 2484
5324 -1378
4560 190
-2216 -8214
4509 9368
9794 -676
4355 2123
1452 -9185
6160 4137
3402 -3304
7168 6281
-8766 -970
-7114 9931
-7433 2358
4835 -7038
-4630 -4082
5446 -9307
8261 3727
883 -3956
5513 -4608
-4589 5306
8437 -6513
1149 -111
-5698 -2692
-2254 -8576
7726 -1366
7706 -7320
-8615 -5688
-7390 -6048
-9610 -8834
-3086 -4240
805 -7641
-3546 -935
9807 -8943
5110 5319
170 -5759
4345 -1393
-2272 -4507
-7784 2030
6523 -38
7176 7969
8596 4881
-9352 -6299
-7087 -3020
-2347 -6697
-1854 4567
2785 8951
-9353 -7041
1736 -9547
-5984 -3155
9494 7908
1087 3838
235 8815
-6948 2451
845 9575
-3867 -1980
7543 -1551
-3379 -8089
2151 3255
2612 9804
-9722 -5522
8092 3063
-2851 8739
6022 8886
9192 -6241
-4270 8685
-8334 6817
6244 5622
9353 9296
-1928 197
-7410 7926
-8063 -9868
95 2279
-4236 -7755
-4467 -7903
-4230 -4189
-3425 -6139
-7405 3725
-3680 8617
2610 -4489
-7625 -7940
-2083 -2238
8878 -5840
-6617 8230
-6545 5176
2147 -3955
3101 7805
-102 -6804
3804 9383
-838 9337
-8521 8653
-1132 1776
-3766 1463
-4500 2554
3801 -8170
8066 9897
-6110 -297
-2341 -3512
3863 1042
-1562 -8962
-61 -5695
804 -3240
-4170 -5578
3677 9634
-6196 -7161
-7310 -995
-4788 5280
-9220 1447
-3258 1
-6000 -5737
1831 -4214
-5840 9442
5489 1819
-4070 3072
-3419 8089
7831 6520
-7606 -1366
-2999 -1776
6777 -9323
1579 -9419
-6484 4269
3307 2450
-452 4087
-6104 -9989
-2192 1617
-5726 9639
7404 -1566
9080 6613
-6027 -1270
3406 4276
-3181 1236
4516 2934
-6409 -8484
-5122 -9633
-7806 6457
-5331 -569
4447 7976
-8120 -6006
5783 -503
-2274 -6410
-8886 2001
-3051 -7762
-5845 -3971
8851 1850
8480 5977
-154 -981
-2787 -5639
-8048 804
-401 552
4892 5514
729 9562
-5056 -4825
-8743 546
2891 -9239
-6237 -9384
-1928 -5123
6338 5022
836 -5786
-5229 3408
6064 -3029
-616 -4091
5991 6597
3991 7943
1121 -6411
2215 -3987
9103 -7056
-705 -2232
-1881 4273
-7966 -8991
5034 -4203
-4653 -3173
4396 -8316
-4431 -4769
-4102 4061
8639 -4318
-8969 -1977
5312 7022
-1660 3024
8686 9462
-9667 900
-805 9437
3844 -7790
925 -4316
6483 2959
414 5238
-7524 9482
-4215 6872
-8834 1354
-4176 785
-4586 -1817
-9812 166
6206 5500
-2812 -1733
-1477 -406
1449 -1143
-9507 -5636
2014 8059
-3426 -3341
-2537 -3223
-6662 7877
-7986 -4186
-8921 1520
-3593 -7755
-7127 2231
6751 2008
-9587 6939
-7826 -9660
6160 3083
2328 -1597
-7324 -6224
-9020 -3110
-1860 6715
-5052 4714
-6627 6132
-8510 -3289
7730 -2774
6247 8809
-7534 -7347
-8947 -939
8605 -8476
-8932 -7262
-7816 -3037
-3201 8344
-9955 9127
-3254 -3558
-7098 -2273
3333 1042
-5559 -7999
-524 1536
8134 4688
-8033 5863
-4366 8214
8392 -1900
-5413 9445
7161 -3088
-5311 -8050
-349 -3127
-1087 -9830
-4784 2680
9298 5684
9122 -7801
-2869 6175
6963 5293
-8103 159
-3172 -9970
-5154 -1204
9614 4201
730 8005
-7699 5318
-8831 -6818
-4050 -421
-4868 9322
6453 7767
9493 -4611
446 8790
-8928 3288
-5291 -1797
3184 -4608
-6504 5081
5552 4045
8832 -5882
-7160 -7835
8320 3571
-9831 -5659
2609 -4941
-2477 -7721
4638 6377
-8399 1090
4143 -8907
-9800 -1691
-6397 -8728
-4683 2033
3197 8501
7426 6693
7302 6698
4458 6133
-9185 7299
8298 -7145
4590 -7813
-2804 919
-2754 8441
3198 -4395
4817 8520
-9585 2680
-6667 -9385
-9012 657
-4391 -3695
-7310 8806
-1473 -6164
9219 -4172
-5746 3676
-8039 -4931
4695 -6021
1646 -716
-3833 8842
-6077 7134
7282 -9158
-7262 2098
9362 -6846
-5223 -3584
-2510 -514
7073 3099
9513 -6517
1904 -1961
1040 4843
7588 5294
-1481 -6731
-5916 -6787
-2751 5730
6219 7137
4571 -9859
4270 5574
-5296 -9271
1392 -5934
-2396 6170
4203 5094
-624 4996
1914 -1112
8480 -6183
-9353 -481
-7619 8236
-1466 900
-8496 2618
7834 2474
-1653 4052
3331 -3362
7915 1322
-7789 -7382
2051 3604
405 9655
3494 -5393
8469 -7131
9604 382
5479 -8197
7921 6126
5043 -9699
8082 -6424
4922 -6693
6194 2755
9502 -1739
528 2833
4900 2163
-5846 -9169
4781 6205
8156 -4814
9580 1649
3514 -8232
8240 6838
5872 7439
-7639 7513
7285 7405
7814 5367
-9020 6456
-7606 -9105
2931 -8105
-844 -2821
8449 -2224
9342 -7398
-1392 4123
-7473 -3237
-6971 -4173
-7867 -9737
1317 -5907
-9178 -2812
-8469 -6817
-5300 -7464
-9413 -3766
-8377 -4711
-3590 -5983
-3816 9341
-366 9061
-3480 -1918
558 -4139
4406 -7114
-6296 -9347
3370 -3267
202 5503
718 -8482
-6684 1540
2427 -5153
4723 7127
1105 9032
-2919 2728
-5680 3491
6746 4225
6552 100
7006 -6929
8182 -2437
2654 6308
449 6358
6962 -6181
-3188 884
-6958 7530
2402 -3641
-931 -5172
4927 -6209
-4325 -3969
-7178 6477
8760 863
-33 5505
-4913 -3482
-4396 -7907
3311 -2494
-344 -4036
-2465 -6174
-3958 -1783
-2355 2854
9101 687
4104 5223
-9234 -6828
-9950 5694
685 -554
-8276 7228
-4078 -5796
-1909 5889
-6571 6899
-3873 2754
-7288 -6842
-9740 6090
2843 1516
9916 8886
9733 1281
5460 8833
-8033 -436
4055 -3545
2736 7826
-7852 -2859
-2729 -2407
-5631 6914
5519 6181
6523 8948
6800 -7351
1702 9513
-471 5683
5602 -7629
-2802 5517
-8744 -3070
518 6717
-517 6206
1 -6463
-7340 -7264
-4917 -1471
3599 6075
6123 -8312
2988 1641
7869 -490
4309 4668
5880 -3990
7901 -4592
-8308 3502
1501 2611
2739 2757
-6739 -6744
3194 2744
9463 -6806
-9999 -4157
-348 -4916
4373 -6750
-8842 4216
-1341 7867
-4144 -3473
1097 -6115
-5085 -3023
-104 -7184
6106 5309
-9962 -2394
1641 6499
-5916 4902
9755 7278
-2354 -7063
-5807 1368
-1219 7566
6453 -3126
-5464 -8669
-8911 3195
-7081 666
-6558 4016
4551 -1643
-9008 -1833
4894 -9181
-6524 4933
-1575 5117
1431 6230
18 4906
7229 -8616
-8436 -4858
2753 4066
-7293 2926
-9061 -2757
7978 -7972
-5842 -9104
6415 -2400
4913 965
5957 9626
9133 4572
-5835 -3671
-496 2591
-4834 -5345
2541 8905
9561 -231
-5990 -5155
4911 6763
8911 7618
3409 -6430
-1419 5107
-681 2739
6004 -4267
-5941 4637
-9581 -9984
7983 -6728
4588 -7852
3322 -2188
8460 8488
6188 1000
7392 9469
-5510 -8599
-5686 9401
-8116 -3055
-9261 9014
516 3041
4121 9835
-499 3845
-711 3560
2202 -292
7297 184
2980 5605
2332 -3699
-6584 4512
-1491 9604
-4488 -4100
9073 2
1023 -2893
3123 6628
4052 7583
9363 -5433
624 3483
-1877 -9876
1048 7412
7405 -6751
-2881 4702
7154 -6181
306 3207
120 7444
-2282 -7651
7047 6951
1970 9840
-3048 -7008
667 -6204
-6659 -5281
-8622 -7297
3007 5723
9907 -8871
9568 4675
8541 6973
7924 -620
1674 8798
3199 -8021
2004 -2961
9423 9723
-612 -9810
6673 -8642
-6250 -2654
-1929 8139
1142 5133
-7143 6241
-8444 9585
1964 -8538
-9286 5252
6137 -7025
2224 7781
2356 -6103
6579 -725
-402 -1418
6315 2741
2025 -577
6652 -1302
4502 -9598
9765 -3706
8541 4627
-8574 -4882
867 -7017
-5298 -3449
-1834 -863
-8197 -1976
2113 7748
-475 -1811
-8355 -3897
7464 4964
8407 7499
-2296 4152
643 -5644
-3430 -4856
-1521 -3666
1438 740
-5319 6586
9579 5549
9569 -5720
-4180 1455
7139 1344
9479 2972
-908 -996
-8840 4458
8828 -7656
-579 -9046
-6436 7125
8828 4207
-4799 -4603
-6929 3680
5453 4510
-1860 -9867
4816 -2282
9403 4384
5720 -4777
-441 2858
-9713 -962
-450 -621
-8238 4431
-6164 -5690
6775 6978
-1014 -5941
4103 -2187
-8014 9304
6931 -4942
6705 2383
-6712 -5156
2517 8104
6284 1919
6208 2003
-9138 -4234
-1419 -5129
8525 8131
4250 -5993
2561 -8193
-1682 3056
8785 -8976
7116 6608
-1163 -7178
9633 -512
-2120 -9943
-8129 4889
-1378 8109
2992 -5095
27 2920
6908 4611
8687 -4512
9482 -9069
-2661 7452
-5061 9900
-7021 6978
6677 -4515
8002 7513
-4187 -3162
-9666 -4555
6326 1936
-777 -8083
-3176 7846
-9975 -6463
-7250 3774
6457 -6621
2105 8864
2588 1586
-6484 9928
2758 -1545
-6453 5738
-4568 -6056
-5057 -6567
-8544 756
3992 -4488
9923 4038
7448 -855
9677 -5729
-3010 9702
1529 -259
7196 1707
6841 -700
4291 -572
-5394 7807
-645 -8915
-18 6624
6823 5414
-9433 -4514
-7433 -7976
6242 -9721
-2464 6164
8039 -1296
-970 7715
6696 6020
-8864 -1775
-519 8333
-6348 -3679
-2368 7943
5750 5960
5750 -1175
7045 -548
-831 7588
-5134 -263
-6927 1154
5482 -6965
1434 -3262
9200 3193
5442 -1771
907 2137
-2031 2043
-5918 -8829
375 -2266
-2508 -8272
-602 -3038
7688 -4853
9509 4732
4599 -1323
6040 -6815
-7866 9113
8061 7616
-7853 3215
-1926 -4933
-3593 -2764
7017 7314
-6906 -1293
-644 -2824
-122 -6548
8632 -8910
-4820 -1971
1774 -3412
6897 1282
-4960 5216
-6321 -8921
-7878 -465
-6088 -9818
871 -3941
3397 8946
4848 9804
-3819 1864
7117 -725
-9430 193
-9828 4169
7366 8804
5260 -7455
553 -2967
2854 -2551
-7965 7894
-3615 -565
-7307 -1493
8970 -3395
-1311 -159
6386 -7915
2507 4954
-8112 8688
-3183 -7275
1684 1109
6640 1856
-4723 4005
4380 -5743
-9729 -5068
1290 3125
6102 7046
4740 -7514
-3519 -8847
994 -829
-2241 9683
9012 -2135
-4511 1518
-7182 1098
3927 3356
7545 -4390
-1815 4184
-8814 7184
1909 5566
-8560 2180
-5782 6452
-974 -5960
3497 -6235
-3474 -6302
-5082 -8760
2870 6398
-5356 5602
-2017 133
-2880 4522
-5049 -5233
-2122 -7505
377 6063
6679 5284
6967 2309
849 8408
-5512 8788
8580 3514
-7173 2076
-9001 3074
9496 -361
4315 2365
-243 -7321
-2034 7741
6533 8807
2262 -8517
-6427 -6140
-6021 7671
-6356 -5622
2954 -9390
6687 -2477
-7262 -5104
31 -8683
8410 6579
7115 -6870
-347 6610
6490 -2312
-1026 -3754
367 -9340
-2293 -3101
-6812 -6310
2103 -3239
-2450 6082
-1847 1194
-5819 -8894
5526 -9133
2351 8264
-4237 -3898
-6698 -2106
-7319 -9584
4745 2334
7026 1234
-6258 -280
7480 7830
4101 -1092
-1551 7289
2598 -9449
-5950 -9853
6634 5924
5063 -9186
-9250 4309
-4598 3101
6293 4887
9204 9595
-7220 -4395
-9990 -8755
7939 -9244
2479 -4599
476 3679
-6770 -5423
-7414 1679
-8135 8905
