100
67817 13863
9721 4085
-52300 86561
-24202 30699
-97671 -57209
31797 -90022
33492 29541
94407 39703
-6869 72001
-22771 -20011
-17190 -38211
2616 99082
-12913 -58977
-79269 51087
-18069 9526
74375 76838
50478 -88816
-91989 98178
97745 -16190
28876 27163
-46310 -39328
37142 87183
17303 31548
-46026 37523
-69363 31203
44601 13448
92993 -52784
-60382 -92832
-84672 -39651
-14656 -75651
69875 86808
28276 20352
97992 36287
-54382 22825
47186 74494
-50012 -99124
62255 87130
88059 -20443
-54234 69122
44169 -23596
-72587 -11231
16941 -79595
-36926 56559
54663 -21597
43997 67096
-70159 -59040
53903 58117
-11599 -21017
-5597 34019
-98192 -58411
8512 -48204
69555 97856
66015 -15298
-95498 -88220
-46177 48671
-84727 -18764
64530 32214
-71269 -72397
-84139 10483
-66905 -13053
-22421 -37064
27907 58571
48142 43397
-62446 69635
-22585 -60638
-88777 13016
-8842 7867
10872 84262
92569 -57537
96042 73481
91134 -88685
-45284 55663
-29382 -89464
10356 -86431
21020 -29460
516 98599
-39434 55513
57169 -91293
-1091 94723
78342 3414
61174 16654
43519 79421
-75480 81480
63682 44178
-76058 59724
17658 -84924
-1872 -536
-2172 68746
10000 35273
9404 -68981
-94187 37010
56707 93469
-7478 13876
-97825 18520
-64313 7607
49023 23951
-75740 -7458
3371 75871
-25979 94143
-52863 -74947
1000
7166 -61
2767 3099
6925 -1441
4230 319
-8918 6019
5737 3445
871 9369
8238 -2603
3660 8491
-5258 -215
9310 -6312
5626 -5992
-2507 6767
-3134 -5099
6886 5664
3043 4051
-4398 -4191
870 -3753
8090 -4900
6567 -7108
-5161 6024
6337 9431
9113 4574
548 2773
3064 5290
-3722 6095
8978 -4376
-9898 -3530
-7610 689
5093 9277
-3648 -1865
7048 5676
7666 -2082
-4357 9476
6739 -4070
-7633 -8423
-8047 -7576
-5272 -5213
-9282 5276
-8720 7503
565 -2442
3597 -457
3182 3699
9734 9293
-1892 4826
-7711 4461
-3318 9338
3857 -1932
976 9500
-2457 -2286
-849 3631
-709 1104
9776 4019
9612 -9507
3015 -9109
7996 -6421
-1551 1593
6843 -8370
-988 6577
-5356 -9159
5123 -3067
5302 -4475
-9 2879
3593 -9034
6099 -5144
-1320 -4751
-7793 -8309
-9926 -8018
9431 9686
-7525 2445
-9423 -9529
9746 2747
5785 6588
4378 -1483
6885 -7258
-642 2008
-325 -1620
7533 9667
-8742 4847
-5647 -8922
9703 3034
-3673 -8090
4725 -3599
-2387 4156
-192 89
321 385
4281 66
-6869 3786
-3346 -8771
-7698 -6462
-6029 5382
5546 7368
-6239 6800
-9246 -1259
1646 -4893
-181 5069
8141 6146
-9301 6587
-3732 -1687
742 6076
-7878 -8938
181 6403
4850 3312
188 -8497
8263 6211
-4959 -4046
1592 -5692
-6679 9075
-5172 -5925
-2185 -9806
2904 -8646
5263 1044
7500 9684
-2370 -2512
-2004 -7908
-6437 3839
-3124 3744
241 -8275
777 -5851
-3051 -961
-5920 1990
4993 5673
-9982 -7965
4747 -1433
-3890 -3718
-1239 9014
-2364 -2255
3779 -1144
-2572 -4871
6345 9145
943 -6372
2983 7819
7373 -6777
-6736 1870
1093 213
-9092 5173
-4077 9622
4566 -337
-8344 3033
8230 1488
-6965 -3009
4222 671
4736 -2000
-6752 -4116
6851 -6687
-4972 -2207
-3059 8011
-668 -1966
-5046 2596
9904 6047
-7192 -5468
4940 -1269
-5846 3227
8394 -469
-3741 -9656
-8982 -705
1056 5241
-6314 -4209
-3039 655
1675 -6189
3968 -9577
5325 -9091
8434 -5344
-1057 -6613
7252 2568
-6846 -9941
7100 8094
2512 -5026
5041 4626
4506 -8700
8691 9245
4316 -254
4485 -8278
5537 -4833
2378 932
2699 -3655
5076 -1976
975 3509
2680 -6361
-9384 -68
6207 -6230
3712 7027
-4415 -56
-4278 -9375
-1709 -6052
-4354 -3019
-6808 -6318
6728 -8602
-4595 5985
-3435 -8497
638 9264
1569 -4287
1008 -7456
-7057 -6312
-96 -6441
3620 -169
-2670 1052
-3143 6636
-9004 6300
-9019 3008
-9753 349
9989 -6560
4031 6716
-1441 -6844
6422 5124
-5341 -2941
8108 9950
6493 2837
-7507 9436
6525 6118
-7005 3865
-4052 4046
-5084 6526
4402 -367
2826 5383
-7360 3073
-4269 -3650
-9767 -6517
-3214 -1208
-3361 -6793
-2364 5020
266 -535
4969 -3241
-7699 -8818
-85 -7454
7300 2910
6411 -6753
676 -4953
9773 -4923
8402 6319
-9540 -5238
3113 -88
1112 7067
3395 7899
-4141 -9966
-8895 7216
8775 5093
401 3743
-4428 6423
8646 5487
-7311 9666
2118 9100
-3367 -7207
-2132 126
-2129 -3731
-3555 2052
1031 9558
-8037 -4136
6624 5359
-6238 -3797
9114 -1412
-2860 7888
-2599 -8739
5351 2973
-8595 7717
2181 -5906
7382 -5702
-3085 -5986
812 4783
4140 8683
-8949 -5695
4455 5803
-6138 6419
-8334 -5793
5498 -851
4131 4611
-8542 -5009
6219 -1141
-3747 5290
-4447 -2342
3006 7734
5473 387
-4248 -7613
8122 -9716
7170 5982
-7312 -8059
-9713 7143
7745 -2130
7282 -6869
2077 2779
6002 -71
1110 7460
4920 1049
39 -8828
-3662 5592
2551 9344
7046 -1976
3451 -3482
411 1572
-3197 1302
1275 -509
3243 1562
354 4708
9432 -2364
7840 5230
-9586 7562
-4842 5246
5021 -6202
-3706 -4941
-5029 2633
-5628 -8758
5697 -8583
2987 2869
1657 -2881
-1839 8460
8421 9436
1671 1663
997 -7976
-3629 4150
3381 -2069
-621 7517
-4508 8258
2762 -5767
-7945 9056
-708 747
5409 7385
1990 1106
8803 -5024
-2305 459
2095 5856
2639 4236
5292 -1970
-4101 -3712
3775 5991
-9563 -2844
-6079 3537
-5328 3134
1794 7434
7367 3850
-9791 379
-5404 5619
-2236 -9694
445 -3434
-4717 8140
-9255 -8902
3995 7105
9056 3007
-4866 -5046
9296 8909
-5335 -6547
-215 2307
6991 4457
-4560 2505
1890 -7194
-3646 5821
6906 4672
1439 -5331
4978 -4396
4956 -6019
-2536 5701
-1199 -4821
6526 -2144
8187 -4620
2810 -8798
-5711 -8805
-1624 4074
3502 -913
2252 8942
-8408 -5859
-4532 1667
-6318 -7627
-3662 5121
-2957 -8684
-5555 -8002
-982 1909
-8580 7819
7089 7946
-4326 8996
-6674 -7796
-9803 1336
-6601 2294
-870 6901
-8619 -8619
5842 -7027
-756 -4970
8361 2926
-2596 -5301
1768 4447
-264 6213
-9835 8754
1843 -4694
-9707 2652
-3027 -4033
1647 4020
-1828 5565
-4645 5292
-2142 8206
2193 -761
-6692 1755
5933 2552
6786 4294
-802 -5811
-7287 -9035
-7644 6170
-9101 -3758
8644 2742
1549 8937
-886 8522
-1375 -9240
2541 -9483
-9955 -8384
5809 -2097
-6458 -1999
-9137 -3150
9757 -9484
9402 -9738
4810 2321
-5549 -8757
7007 528
-8867 7906
-9510 9778
4368 2039
-7566 -6519
4281 1059
-2038 542
1576 -1993
2158 -2615
9632 5701
5386 -9506
-7450 8863
-8990 -4327
9125 9542
-8286 -2704
-9216 8721
-8456 -8082
6627 -7965
-4584 4715
7795 -2150
8197 2076
8910 -121
-7383 485
7887 8497
-8410 7518
7918 -9303
-8268 -5812
9560 -7258
3582 -7595
-7717 5296
3422 -3211
4017 4967
2428 4364
-9278 7844
-922 8517
-586 995
4313 2044
-9126 -9349
-3750 -7519
9148 -2160
9999 -9215
-1463 -8270
-5027 1818
-1807 8556
4223 4198
3851 1365
-5293 1588
-3669 7135
-328 774
8699 8751
3012 1833
3466 -2676
-6123 8061
1696 127
-9459 4564
7967 -5740
5349 -3496
-289 -9678
-7958 7905
-7402 6265
5823 -9831
1350 -9471
1758 -8598
7664 -8571
2176 -9918
-6100 -4813
1915 -8913
6233 5792
9148 -2072
-4082 9690
-3787 -2394
-6051 -8439
7831 7382
-4396 9873
9007 -1798
9858 4829
-1628 1207
5358 -6150
2609 6742
-1000 -5215
6824 6622
3693 2459
7709 3646
1972 6856
-4705 7890
6545 1508
-784 -5785
3069 -2954
-4683 8674
-3082 -5677
596 -3225
9152 8968
-8297 8230
-3462 4312
4971 5539
-7183 5515
5881 -9769
-2027 3589
3877 -6335
444 9172
-8445 710
679 4492
8646 -2531
-8462 -6038
-137 2177
2006 -9542
8953 4878
-6853 -5624
3107 -315
8688 1798
-1056 -4774
-2688 -5176
-4543 9006
8413 9334
-7329 2578
-7774 -2053
-2992 6626
-7562 -4347
-5906 -2303
3336 3957
9875 -4659
8137 -7453
-6061 -8717
-3077 7046
968 -669
-1157 -6367
4557 9876
-1543 -6266
-7399 591
-3211 -4728
-3111 -985
6940 3897
-639 -6901
-6730 3456
796 6606
1133 670
-4333 -731
3217 -394
552 -9861
372 -4759
3192 -7065
-1126 -2252
-7190 -8949
1483 -4589
5363 -8008
4405 -7749
4728 1344
9869 -5912
4443 -6862
-8736 -1040
-6536 2398
9630 -869
-4613 2847
-7543 9661
6707 2829
-1378 -102
5764 -8784
-8633 -7706
-7733 6571
-2294 -8649
8563 -4169
-2677 3290
-9105 913
7378 5339
4051 8643
-1981 -8764
4761 -2352
4088 -6132
-5785 6546
-6472 -5357
3095 2150
4541 2580
3366 9629
4874 9355
6199 -3700
-5574 8482
2131 1749
5492 3027
-3618 6591
2086 -9567
5233 -9896
-8331 3714
1473 5757
7582 5689
6023 -5169
-9669 -882
-9299 8593
-4582 4068
8222 -9709
7143 8141
313 -8432
6623 -3836
7038 2114
-7089 -6580
-1296 8718
-2426 -2343
-7458 2964
-4909 4016
2441 -3606
3425 -1536
1225 7477
-8698 1926
6069 441
-286 8011
732 577
9873 -5235
2145 -9785
930 2904
6050 3841
-9956 -1525
2559 1339
9853 8822
-5698 -5056
2837 -9537
5059 -3739
2648 4
-2542 3950
-4350 -2752
-1889 5365
-4742 8844
-338 -1149
-2671 -4472
-934 8259
8432 -4884
5821 -7804
3591 2100
3535 7164
921 -8443
-7893 -2521
-7980 -9114
7461 4669
890 -5081
2339 6541
2167 -9550
5626 -8855
-6986 -4713
-3 343
815 -7217
2323 2967
1620 1864
5163 -1069
-6037 2418
-3905 8605
3975 -1798
-3917 5996
-911 -6456
4385 -6301
-1537 -3277
-9761 -5650
894 5865
-4505 7629
-5127 9213
-2028 5688
-8004 -5985
-1345 3616
5879 -2462
-7453 9842
9957 -1358
8446 3931
-9436 -1750
3647 3374
1794 -1969
-9206 -6023
8476 -8967
-1673 3090
-9381 3822
719 -4508
3035 -7589
-5100 8752
-3574 7276
6088 -7696
-5186 -7645
-4134 -5230
997 -1968
-7579 5283
6282 6069
2377 -1925
-2180 3171
2052 16
7926 -9622
-6894 -7735
7922 7546
-2243 4677
9957 6378
3428 -3618
3654 -485
2407 8468
1871 8273
-3042 -3412
-3696 -621
-4409 -3693
-832 -8311
4382 6989
8581 155
725 6506
4254 7552
8771 2175
5097 248
572 5053
347 -6001
-4845 -6000
7236 7562
-3812 2827
5834 3146
-6865 -4141
-3755 2448
2166 5414
4137 268
6123 2717
-9578 -3153
2944 8398
-5601 5435
4293 9496
-596 -5135
8270 9751
2585 -6576
-2529 3541
-9014 3659
-3633 -9460
-3196 3224
-3601 3049
-4329 8565
2183 -6472
2554 -1695
9966 6697
5153 6630
5094 -6728
2065 -613
-3512 -4811
7973 -5243
-5061 557
1903 2410
-2181 2889
-211 7907
3429 -9687
1130 -6451
7083 -9479
-4166 -734
-5951 8388
7571 -2264
5085 6444
-5635 3899
-6564 6430
-2994 -75
-8382 -5022
8403 278
9257 305
-3592 -2925
-3086 6197
-5019 -9657
-9770 9833
-2387 7314
-9647 3447
-3421 -1876
1835 -2130
5860 640
-1965 -6055
-5462 5192
-9625 1545
-4884 -4286
-9757 -2760
9714 9500
-8735 -158
295 -1820
-240 5277
2244 -10
5109 9857
-2697 9183
3303 7603
-2694 -1142
-806 -3114
-6782 -9051
832 1478
6141 4928
-3257 -5022
-5638 -3014
2218 -5925
207 3483
7639 -9499
-4617 -2602
9499 7627
7388 4607
7483 -1588
7511 4507
-265 -5184
-2915 8929
5424 4025
-6402 -3745
-777 9740
-5097 5966
-1562 -735
-3328 -9345
7062 -9401
7859 4700
-8899 -6758
-7903 -9401
-5411 -6795
8928 -4207
1617 6438
-9701 -8648
-5026 1105
-5999 -9603
-1150 -2400
373 8073
1060 5276
7759 9498
-1738 -5569
-6127 -4677
-4970 -4548
-9978 -148
-1306 -4160
4173 7005
-955 6821
-7203 -5617
6979 -3183
-4265 -4327
7922 3457
-3929 493
-8944 -9836
-1435 5837
9162 -3676
5334 -2577
4476 -7073
2746 -6774
-1620 6489
3079 -9206
-3951 972
7799 5094
-2208 -9405
-6803 -5230
-2588 -1068
443 -945
-3890 -9766
9548 887
-5880 -1888
-3276 -6719
8157 -4222
704 2632
-1294 -6551
5859 7086
-6342 2658
-8400 -293
-6371 9400
-1479 5142
9995 1719
9912 1128
-5629 4075
-9818 481
8031 9730
-8632 -7850
1562 1813
-848 3440
7591 9856
-3929 17
-2975 -4350
-2898 683
-7972 2424
-5890 -4343
1823 2631
-9202 5538
-1930 -5570
-3335 2442
-7774 -3153
-3357 -9744
297 1732
-3873 -4420
-6456 5279
9020 -8865
8855 -1189
4873 -4121
4462 -4304
-9718 6490
8120 -5608
-4132 -58
-9257 -3334
-4521 -1186
4818 5866
-5024 7044
-3567 1619
-8980 6731
-6649 868
-7690 616
-3854 -4950
5472 -5000
3861 345
4600 -1678
6041 4882
-1467 4160
-7006 4401
-5899 -2542
-5213 3301
9993 -6675
-834 -5032
-5911 9321
-9692 -4891
6051 -2620
5977 -7919
7996 -4157
-2869 3468
4564 -9009
-2467 -837
3035 -6427
-2235 -8433
-8547 4480
9689 -725
-8062 -1804
-3704 -8070
1522 5463
620 5611
4783 928
-5559 4554
8308 -5862
-9645 -9977
3703 -2514
7212 -1734
2198 -5256
-8850 -4768
2038 2636
520 3491
837 3929
-7235 2775
-7875 -938
8426 7368
-1755 2766
6699 -3252
-6307 -5140
-4978 -4279
-1001 -4623
-4255 -3578
6584 -3323
4688 -1219
1422 9559
4014 -2820
5916 -1746
-9329 -3248
-7817 -2843
-6753 -1971
9940 -4607
-4604 1905
8160 -4185
-7627 -8148
676 -2605
1295 -6605
6493 -9240
-183 3076
-2563 -1775
-8143 8859
1505 9592
-3961 1141
-2155 431
7893 3749
7588 -5140
-8223 -8752
253 894
3153 -1588
-9570 5527
3986 4827
-3358 -4720
8222 -6865
-239 1759
6211 7198
-6296 -8212
9778 8930
-8621 -4184
70 2946
9968 1683
-3306 -8725
6543 -1528
-7477 -3204
-6914 9398
8929 -6484
4924 6635
8343 -4714
-4365 -9716
-1579 5396
2043 -1647
2594 9469
141 2371
8398 1521
-8093 2189
-5534 -8126
-6129 4881
-3130 -9586
-6648 -606
931 -3561
2512 3580
3676 1156
215 2019
6442 5850
2303 -5137
1246 -1933
3216 -2440
