100
98624 -89808
-41360 -59201
-68508 -57146
-42941 -60696
92306 -36826
91214 38993
-46101 27831
-10860 95796
-81283 56222
50916 -51924
-28921 -30932
87961 -32240
-23699 -419
-6238 68251
36808 -92946
-87222 35431
-82754 -28582
76230 75828
14272 -66711
-84869 -66334
-76448 33434
-252 -95460
88355 88889
-99665 -92929
45110 -21660
82237 43278
-25502 70197
-88962 -22112
-30223 4800
73228 -93416
11854 86006
-30896 -43811
84514 72424
59106 -1215
32802 74237
-40459 -16557
-65240 59289
-12017 -76886
48177 -84593
57275 -79624
-6252 39512
63654 -4665
9708 74692
312 79486
-93420 -26460
13159 -54477
86635 9353
-71199 71148
-18224 87907
97023 -85423
-10767 -43437
-74891 23993
42941 13092
-25804 -8882
28499 -68530
11494 49336
-1929 -97764
71760 -92221
4018 -27928
14354 10598
45612 54602
56122 -40665
-36046 84923
-69517 45730
-81 54595
-12604 89152
-88843 12505
-59767 54098
52686 14429
72305 -18815
-27012 -89113
57610 -1851
-86876 29370
5928 17142
-98559 47371
54829 -25858
1972 -61961
33477 65927
50052 -8951
-61255 -50030
-54357 -46769
-60879 -43200
-7175 -20646
37988 -54489
20872 -62619
-46215 20949
-51731 -88606
-80903 88483
-32147 -47886
-67287 -30706
26574 87542
43436 -71454
-74419 -95998
21562 2722
-4949 -12604
52692 40695
40627 18902
24584 60542
25345 89661
-93948 73306
1000
-3721 4169
-6751 1739
9294 -2979
-8183 -4728
-4721 -4183
8379 -4119
-8367 -595
5663 -9161
-5151 1564
-5001 1706
-4252 -9608
-4070 7901
1565 -4452
-4327 1579
3701 4747
-6087 -6300
2636 884
5439 1929
7905 -9024
7201 -6817
-3207 5580
2785 -1573
-1295 2168
-734 3554
-6269 7987
-1020 -520
-7901 8632
1101 3665
-2100 -9506
-4757 -8400
8962 2878
-4699 1597
-6239 -5540
-6475 -8335
-4563 -9274
-1431 5951
-9974 -8646
-1902 2452
3522 -8915
-3995 -9026
9072 8706
4175 -8830
-8943 -1004
4835 -1043
3211 -6201
558 2172
-9603 9580
-6232 -5842
-2240 1014
-4177 3197
5461 8113
2869 5487
-6813 -9034
-2062 -9570
-7949 7664
-4875 -8878
-9910 9300
-3986 -8853
2016 -5431
105 -4774
2089 -5617
7398 2486
-2317 -5114
6644 5443
9621 -3813
2361 5082
-5700 -4771
568 1208
-84 -7773
1638 5689
-6389 6763
-9469 -6299
9783 -3455
-5151 1798
4836 8675
-9256 -3076
-6943 8142
9411 4461
-3252 9775
-97 -3631
-4038 -4016
-8550 3983
4934 5739
-1089 -5150
-8314 -9451
-9462 -4702
7312 -8931
2720 -9185
1336 7569
2613 -3829
9964 3358
3095 -3259
5220 2505
-8799 -4311
6001 1105
5779 -4317
-9191 -9051
-6614 5744
6688 2297
-5686 8375
2846 -5148
-2607 3879
-358 -9888
4694 -9023
-8598 1027
-2852 -8635
-1895 -6036
-1893 -2954
-9811 -692
2735 6190
-5867 -1487
-8128 -5057
-538 -4742
-9314 -130
7556 -5000
1965 4122
3573 9358
-2000 -6786
-6809 -3586
-2087 -5407
7442 8782
-321 -4454
-7255 7786
6313 -7065
815 -953
-7155 8669
-8720 -5282
-6389 4463
3697 -1982
-1946 4973
6739 -9982
-905 4032
-6903 -9185
-9033 -3712
-2770 2601
4602 -1608
1382 -5720
7659 4128
-4213 3972
-9217 -9678
-3261 -6372
8991 1741
2067 -3677
-3797 -515
8062 7978
-5543 4801
7997 3552
2553 -5186
8089 3520
4823 -961
-3880 -576
7431 -8777
3704 5089
9072 9491
2781 9855
9813 9521
-2797 -7476
4982 -7009
-1153 -8816
2476 -3092
-7117 6933
-4571 -5400
4206 7983
-586 2294
5223 -5764
-4947 -4936
3660 -7517
-3713 1084
-8708 -4642
4296 7795
-1067 7829
-8965 9857
-9648 6017
-7153 -801
-9079 5323
9829 -6196
2256 -4743
-1596 182
-3040 7818
-3804 -4096
-4226 1249
968 -6846
7453 -9025
4239 8745
54 -1466
6539 8987
-3638 7574
8843 436
7311 -8310
-6645 8233
-9267 -6817
-7964 6710
2162 441
-3109 9122
1979 3087
-1254 7754
-1944 9714
-9093 -4492
-5591 8867
-2026 4463
1121 -1767
7170 -8796
-472 6013
1640 -3162
-8577 4995
-4930 -7844
-8101 -2893
-7413 4061
7548 -522
6903 3247
-3714 -4351
4721 8063
-917 5629
-6429 3493
8216 5266
-2045 -663
-6502 -4875
541 3026
-5142 -7820
9865 2
-9105 -1345
5879 -7206
5762 8466
6855 7030
1665 7479
277 7951
-6873 -5003
6013 2210
-5654 -6696
-4298 -3717
8570 7379
5620 -7932
-3776 -119
8815 1082
5782 -7601
-5196 6677
1055 -9318
9472 -3184
-7131 -9954
-2433 4534
7525 -8436
6205 -5628
282 5938
6583 4629
9243 -7716
-5368 -8468
-6617 -9749
-2679 -393
132 -3864
-9312 -4087
2256 -787
-3690 -6690
-104 -498
3848 6486
3270 -4865
1019 794
-3301 -2777
8888 6981
-3119 5470
5330 -3877
-8526 9962
-2344 -5142
-6067 8698
4465 7786
-5167 8875
-2581 -9190
1808 3730
-5880 -8297
-6769 -8312
-8091 6501
-3177 2928
1016 3522
-6129 3624
4224 753
-907 -447
-9404 4288
3236 1973
-7134 7169
671 -8948
4955 9225
9927 -7627
-9966 5455
6103 -2124
7159 -6945
-436 -7212
-6724 6388
5717 8013
3630 -6692
1636 -2147
7782 -5551
-8873 8379
8738 4363
351 -8397
1531 -5258
-7345 206
-6033 -3698
2580 -2278
-8243 2403
5598 -7364
5458 -1117
-4576 -7545
-4730 -5139
-5812 -7380
1891 9546
4195 -328
-6006 5322
1771 -3548
-316 -4157
1777 -5065
585 4432
5142 8273
-5545 1442
-4005 -67
-6156 -8408
6290 -6977
475 -4566
-801 9466
4017 3387
-4193 -4093
2932 -9999
5579 6927
9044 1071
-2901 2448
6914 8876
7383 -2502
7029 6245
-4229 -8517
-2314 5487
5137 5252
-9201 1426
8275 1275
-9420 -2527
4461 4597
-9141 -6012
-9497 7513
-6011 9804
8160 -6968
874 -4742
5480 -2213
-5866 6584
9006 -8838
6549 -1503
-3634 -5765
-6017 -4777
9487 -5217
-9631 -8519
9779 -9051
-1046 7960
5547 3534
-8052 9771
4767 -342
9574 2926
2691 4168
8185 1891
-8046 -3961
2195 -5319
922 -1256
3178 -8992
6700 -9118
-3769 6186
-4335 -3400
7667 -836
1270 341
-2877 537
-2405 -929
308 -7638
-7550 3602
9009 5141
-2230 -9087
752 3445
-3048 -7053
8126 -8406
5412 5025
-7398 2111
5907 2554
2017 -4708
-7126 3404
4456 4145
-6256 -8422
-5319 5060
4371 8710
7422 6821
6033 -9849
5682 -6198
-8936 154
-9033 1738
6822 -7186
3332 2233
7839 5935
-5657 7466
-1512 6360
-7243 5084
-237 -9067
-772 7228
-3768 7630
2288 -9398
-9940 3430
-8857 6093
3581 -9455
9895 8367
4421 -5418
104 1242
-2604 -6565
-6525 -1045
-6910 1539
141 5300
-2101 2898
383 -8618
3831 9611
-7669 -9937
-9040 4619
-5614 -8980
1769 -749
7113 -929
3517 -9273
-2563 -2063
-4690 7541
9180 6427
-9025 -3625
-897 -5934
7914 9244
-6914 -467
2142 3469
4637 -307
3079 6968
3477 7760
5307 -8416
8781 -2925
4556 9614
9867 -1928
-9659 -2697
9731 -628
-1436 8910
-481 3261
-4716 8622
-8953 -3082
7866 -5867
6452 3728
7602 1088
-2859 4401
-1945 -5661
2160 -2918
-4077 4661
4157 -9522
4275 7745
2271 8337
-4953 2001
1429 7333
4631 -9053
593 -6365
9570 1640
554 -8845
5773 726
4883 3374
-4466 -4256
1495 3589
83 -6346
-9330 9727
-7964 8548
-6075 6311
-9988 6197
8368 -1219
1918 -204
-3887 270
743 6706
7626 4033
-1655 1900
8909 -2162
-7375 7512
-5068 -1841
-6744 6427
-4532 7060
-6199 -141
6787 -4163
2128 -9289
-4132 2140
-9372 -5765
-9080 6268
7752 -2967
258 2216
-2541 -2117
-3752 9525
9784 -4843
-2638 -7592
-3611 6015
4289 -355
6162 9757
-3295 9964
3337 -2788
-479 -4536
-2077 9111
7604 2273
-2934 8525
-1460 -5182
-722 8798
7034 6738
401 -2998
6262 184
5880 -6376
6314 -7731
-6641 602
5635 9522
4079 -3940
-6795 -2585
3272 2726
2879 -8805
5557 483
7189 -7377
2728 -4272
1162 -7995
-1754 1916
8743 8647
-7362 8726
2552 -7761
-3930 -1135
-1771 -571
-6813 -6137
-1050 7266
-76 2155
-5319 -6805
-1398 -8720
-1889 -5842
5484 -4701
502 -1789
4748 -8337
3938 -3286
7300 6401
-4639 9939
5126 -8367
-4102 -8805
498 4127
625 3685
-8290 -6705
950 1634
5451 9352
8551 -5948
-9368 382
1931 6116
9403 -7567
-1952 4150
-2183 -8015
-9136 -1162
8386 -54
2497 7233
5300 8395
8428 -4203
6242 2773
-6798 7952
6069 7873
3307 5240
7225 1857
-6988 -8423
-4041 4943
-8587 -4639
-8904 -539
9512 2635
1446 -5904
-4807 3553
7763 7690
4506 3062
9805 2933
-7421 6046
-573 -4219
3997 -784
-6347 -2697
-5545 -5402
-7120 -2533
-3825 -1160
-3870 -2411
4201 948
-9230 7433
-2697 5938
-4751 2496
-510 -6989
185 -6005
9794 3710
-9352 -7628
-245 3796
1874 -2528
-6989 5528
4776 1187
-6154 -8624
-7626 22
216 2226
-8669 -1862
-6827 -7899
-709 476
8039 4541
-3308 1249
-8728 6877
8965 -8934
586 -6666
-2841 -5939
7130 9034
1533 -6138
8282 -3692
8770 -7873
1406 -5135
5870 -8379
7091 -9079
3480 -6016
-6977 -7229
8181 -5218
7312 -5128
9753 8584
-4531 8717
-6630 6055
-4229 4251
-6164 -7099
7005 5369
484 5286
-4602 2974
-8867 6804
7839 -9276
-7855 4929
-8355 5626
-7367 -1611
8397 -9187
6893 5708
-594 6645
8012 4875
9082 -4897
4650 -5147
9354 8486
1475 6358
3855 -8042
5364 -7027
4932 -9783
-6503 6492
-9059 -4358
5141 -7413
-8733 7775
976 9664
-7692 -2132
9092 1715
-1767 7104
-3411 -2685
-4073 -8761
2168 -4720
-6555 -6358
-4642 -8980
-679 -9279
-6007 -2027
-9062 -2510
-5536 -4399
6854 9606
-1812 8121
-8900 -7116
-8495 -6592
753 -5683
5123 -7294
-4859 -4567
21 1068
393 -7812
6348 3838
-449 -4574
4859 8872
-3853 -7428
-3155 807
3784 5030
6408 637
4635 -1684
2478 9456
1200 3983
-7136 -4327
8301 -8293
-1620 -6559
-2860 8401
8231 -8747
-5690 4578
5092 3861
-9996 3671
6454 -128
6243 -2981
-5601 3747
-7952 -5473
-5617 -9596
2843 6862
9860 -5957
4565 -7277
-284 6586
-1848 8096
-6252 9013
-9783 -8022
-9734 -5473
-9724 9079
-7892 -5999
2749 8562
3874 2712
-4420 -8007
-3541 -2371
-3479 4563
1754 9364
5145 1613
-6594 -290
8058 6844
16 -3791
8660 3764
-4779 8877
9463 -792
-2876 9740
-1714 -767
-6260 -5245
1515 -8666
7468 7096
-6672 -2353
-1555 -151
-4070 -9802
-788 -8925
5532 6340
4506 3589
6904 -5479
9798 5563
-7994 -1260
8161 -4811
7948 -4716
-1351 -45
8238 2390
4710 -247
7445 5898
569 -5507
-2735 -7266
4342 3196
-3347 -2725
7992 -7816
-2665 2497
9495 -5762
-9262 -6988
-6479 -7256
1752 -8319
1655 3421
687 -9697
-2904 2645
6414 -4474
-3882 3859
-4855 6687
8352 2410
-6859 6415
-674 3515
-6311 -2683
5700 4745
9814 8915
8983 -9448
-8074 -7497
-2983 7400
-2094 8672
4541 8593
-7304 -8364
1237 9110
883 -8924
2968 6028
-8517 5041
-1562 -5375
1455 -8516
8140 5144
-1198 7560
3609 2336
-9806 2591
6609 -7879
8815 -6374
9521 -3280
-3982 7782
-967 -1286
9418 -6009
-2176 300
-4933 -5488
-3672 -3450
9553 8487
4896 1007
9971 6757
-129 2493
4316 -6521
-5171 8232
9791 -8563
-9648 8606
-1216 -6407
-954 8524
-8626 8080
-2763 -5488
-7930 8782
4812 858
-2985 -5140
-8872 -3433
-2933 6025
-8705 759
2781 4887
-3028 817
-7913 1801
-952 -8123
6960 -600
-5797 -536
6714 3250
-2013 8088
1329 8946
-7401 7120
-8553 -8868
1698 -1538
-287 2826
8751 -9499
-1150 -9955
1260 -4649
8653 8232
6169 -9261
3754 -1063
-7383 4434
-7942 -3180
-6103 8772
-9931 1885
-9420 5119
4551 -3100
5959 5998
1753 1377
-1819 -8534
-5797 -3069
-8033 6774
697 6948
-7875 -651
8900 -7986
89 6374
951 6427
807 3009
-3033 4705
1781 758
310 2361
-4124 -5140
-7019 -4444
-5422 4735
6933 2759
9922 -5144
9690 -8112
-8370 4107
-7444 -2524
-6544 -8545
-510 7266
7830 -9560
7413 2357
3450 -5621
-2939 -1049
5137 -8909
-4968 -5266
-328 -1987
4011 4251
-7253 4664
-2991 -7332
9521 420
-1723 -5129
-5474 4554
2347 1703
9731 -8164
2689 -8720
-4003 101
3637 9447
8202 -5581
2118 3338
-4490 7150
-8208 8904
-1116 5803
3154 5352
467 -6117
8021 3708
4303 18
8579 -7450
-1707 925
7974 -1977
6482 663
3024 -7522
-5516 381
-4354 -7315
4800 7764
6024 -5969
8635 -8464
-7066 -2482
7340 6088
-7131 1527
-6309 -5390
-1045 7995
8350 -2467
-5735 -3358
-7822 -7762
8386 8660
2901 1409
-8863 7386
-8211 504
-6209 -9690
-1732 9815
-5659 -3098
-4928 996
4420 -3868
804 7289
7659 4495
-4380 334
6210 -6031
7867 -9526
611 -9956
-3566 -1004
-7576 9335
-5875 -2718
-9560 -365
7787 -5768
-55 -225
-2233 8007
6677 2839
-998 4817
-7309 9806
5826 -5930
8022 -8555
4404 4231
-4586 2270
4706 6025
6035 -5140
-1259 -7821
-5806 6587
-538 -1644
-57 969
6309 9888
-9257 -2204
-8385 7420
-5644 617
5957 -2953
4144 1782
1118 2165
3228 -4479
116 -7638
-8488 -1458
-7892 -8733
3402 4570
-6553 -8683
1157 6630
-327 -8901
-2402 -298
-5293 -1659
7498 -3678
-519 -8147
-9340 -4563
-1099 8525
-9061 -6261
4410 4167
-740 -5475
6530 4493
3068 8638
5761 190
3207 9208
1507 -1916
9558 -5100
2904 -2845
4602 7612
9217 2100
-2346 -1303
7674 -1686
7855 295
559 8794
4034 -5032
6682 -2985
-506 6932
-8493 -3718
5569 7268
6472 2496
-9805 1700
-5699 9753
6600 7205
-3093 4923
8537 -156
-2978 -3809
8541 -1584
8226 -9885
8712 -1215
8910 6466
3753 9312
-6520 -3033
6243 -5012
3249 5532
-7745 3442
1748 -3828
-1138 6049
-4076 -4539
3254 6553
-9617 1790
-3604 1126
-8299 -1342
9543 9928
-1227 -8026
-1288 1403
8440 -3815
4435 -8080
3153 677
629 122
-3792 2884
-2716 7957
9056 6146
7726 -1299
-8393 4700
-4747 -4289
211 1649
-9442 1912
-5973 -6179
5560 6522
-4205 -5729
1645 -2045
4178 -3920
3596 -2670
