100
11468 -29416
-33267 -40166
89710 -28149
-65738 -83768
-87046 -94911
-2901 -41560
-53538 -37106
74593 -12949
-56998 23368
-87392 47483
-3013 5268
43195 -39517
-86313 -68552
-12593 -62781
-3480 52798
-98197 -92012
50471 95626
94912 40181
94566 56263
56413 -92480
61353 80601
93050 34904
-56506 -5268
-78046 -13504
-81901 61652
61068 15086
-33080 4263
2659 -19393
35711 90066
-55085 59320
42863 73808
-5603 -6666
69433 -10691
60604 -8912
72661 -55895
-1392 34013
-75294 -81254
96006 -31800
13478 -82041
54697 -41333
6701 15764
842 710
47116 -96500
81317 -90085
93567 53322
69236 -36482
27129 -36368
56852 -76349
-19970 -55456
-58172 -47309
-11350 -32475
13793 13356
-13729 9799
81556 99750
-45153 36252
-41584 61548
79106 -13653
-37743 26221
-10152 70664
36137 -89497
-48926 -67539
-25979 5292
-3907 57963
28943 3213
-97494 -2140
55904 -8844
65385 96786
-95489 -48344
6584 13157
78495 -11479
76498 64000
77158 55603
-49654 66505
-91087 40194
-35743 -27861
50697 15331
4600 51808
-79378 27782
9770 -23345
-69006 -60635
74515 13987
30522 39900
10773 -37878
18645 44446
75279 -2861
60056 51777
-38862 37214
-65532 11484
3718 70471
78768 67975
69699 -43447
-89606 -98613
-91640 -68984
29170 -54781
-65240 -12747
-15415 -90725
-98760 -84894
-23736 -60898
-95683 94909
10637 6686
1000
-1128 -3783
-6306 -1760
-8411 5708
9489 -5031
-1821 -920
3561 -3929
6425 9383
-7617 4604
7052 -7237
7752 -1150
328 -5406
-3785 -3789
3317 -3265
-8879 5669
-7832 -2749
-403 4761
7189 7012
-3279 8778
6441 -3791
-2533 -5381
9011 -8973
690 9156
-9591 6794
3759 -8819
-6723 5231
31 3606
9825 6246
9817 6862
-3299 -5341
6252 2590
1910 -431
-2650 -902
-3419 7792
1596 -3258
-2278 9063
5082 -3268
-9911 -508
-392 -5781
-3714 -2913
-4600 -437
-7682 5432
-3111 -4137
5398 427
-7275 -4180
5086 8977
8410 716
-1455 -519
9814 8847
-2728 1409
-691 4994
4192 -5610
-4554 4281
3883 8775
-7780 -6111
-4138 1341
7173 -1820
-3228 -5938
7764 -4109
4489 -9512
1711 3295
-6815 120
-5990 1731
-6679 -2456
4298 594
8953 -6393
-692 6865
-2003 8476
1145 -4400
7250 7086
-511 -6889
-1574 -3338
5012 5199
4445 2776
-5190 2654
6985 6521
-4052 -9830
361 -42
5622 3683
7502 -81
-2003 -9826
3526 -8975
7039 -4756
9501 1904
4565 6751
-1011 -5946
-6418 7415
4437 -7685
6334 -1119
8812 -5136
-8466 5796
-8616 1203
9687 5467
-8840 5308
-851 -7618
-1052 -9134
-3723 -3806
-8109 -2964
5159 -4887
8940 -276
-4416 1649
3778 2887
2784 1935
5202 2839
-5464 4013
7703 -209
3530 -7192
-9007 3216
8275 -4126
2245 1144
-1744 -5087
2010 8254
1107 7622
-4711 -3734
-7266 -2051
5990 2039
-6682 3488
-5074 9823
-857 -9873
2661 3679
4141 4085
-6531 1391
6893 -5538
-5394 5167
336 -9429
-3690 -7688
-795 -7960
-5714 -9688
9662 3296
299 -3883
-5035 9
8156 -1717
-2783 -6919
-1895 6360
-6791 -5513
3759 -8930
8572 7228
2461 9185
-4590 -9213
4351 9467
-4920 -5619
-4501 4285
-3579 -215
8318 -197
-6920 2337
5920 1766
-3934 4076
-9952 3283
-9123 1874
3363 -2193
-9919 -2879
-1123 -7627
-1931 -4942
-8443 3479
-433 5908
6666 8368
-5991 -7836
6373 4151
1949 4691
-6046 8750
748 -6406
515 6815
-8610 4284
3818 -7732
-121 -2819
75 -40
8023 -7327
6055 -187
1452 7612
-2988 -5261
7241 -6322
-6894 -8751
-4158 9480
5401 -8488
7891 -6925
-6018 -1362
390 8219
-4548 1781
6223 9271
7770 -3899
172 1565
9783 1915
4238 5837
-4552 -589
3448 2461
4150 688
9860 -9023
5659 -4299
-9544 4780
934 -7933
7855 8638
705 1965
6856 9879
-6255 3078
9149 -4765
-7100 3041
6801 -3597
-5045 1038
-4040 4125
-5831 -6872
-3415 8320
3817 -3556
-6983 3196
5866 -6527
-2025 521
-739 -450
-842 9966
-8486 -266
9844 -1019
-3468 -7288
4216 -568
5753 1016
9556 -5571
-4225 -4485
8554 3665
-1356 -1141
1984 -3819
9024 5001
9377 4889
-7806 1072
-870 1455
-9379 8288
5142 -4144
1742 8706
8558 8275
-8582 6495
1427 -9109
1231 983
-959 -9274
6498 -2406
4392 -4859
-9827 96
1322 9197
-4903 4419
7807 1012
-4510 -3064
-3812 -168
-1055 -4950
9410 -9314
-6245 -8313
8961 -4827
8182 388
-3935 -587
-4909 8827
139 -8412
-3579 -5470
451 315
4627 -8228
-488 -6556
6192 -2682
8177 -4598
7975 -1915
8956 -3081
3135 8365
-2394 6891
-9949 287
-7937 8234
-5605 1849
1367 -514
676 -4774
1075 -9183
3478 -8475
4853 -1896
-2982 -5636
5269 -3070
5403 7166
6054 3378
-4749 5009
-9704 8386
3373 1623
5276 7145
-8090 -8940
5378 26
6630 465
9513 1026
5692 4308
5564 -831
9554 417
-9007 -3429
4781 9983
7223 3905
7148 3276
1003 -7602
-1716 5020
-5495 -4623
-3357 9781
-7479 2274
-5439 -8380
-7701 -8809
2085 -4468
5938 1497
-6440 1502
-9335 -6887
-8082 -4621
3406 -9581
-4639 4349
4324 -7491
-2376 -4674
-1372 9629
-9654 3133
-4995 710
6635 1247
-3296 -5084
2867 2724
-3893 -1327
8257 -4234
-9831 -4463
7268 -9165
-1349 9186
-3786 -4223
9605 5297
-9875 7650
-8474 -2251
-3304 154
1098 763
-2992 9824
-4807 -6358
1070 1897
2279 -6063
-5379 8387
2610 -3402
-2127 2779
2135 -4860
7335 -5494
-5675 -2730
283 -2350
-7434 408
-980 -5908
-8123 5717
7967 2975
200 -5026
2798 5394
2337 -2411
-2710 -5384
1526 5632
-3277 -2144
-4050 4596
-5645 -8194
-6544 -4589
-3688 1502
2681 -9684
9152 8968
4445 1893
-3220 6323
1330 -1533
3018 -8471
7163 -463
6923 -501
7126 -2066
7836 2372
-6435 -1721
-6052 3237
-3405 -1697
5043 51
3714 -4925
-8448 115
-888 -5575
2803 -6443
-9962 -6697
-6400 1368
1771 -9662
2897 -1067
-125 3541
-7848 721
-8526 -6291
-3187 -1240
1988 761
-8004 -7696
-7215 -9241
6076 -9781
-444 -8651
4056 8668
-505 579
-4055 -467
3883 -455
-9100 -4347
-116 7518
8307 -6521
1058 -9542
7922 6253
-5833 -1545
-4987 9877
9217 730
-4099 -4278
5211 -8024
-4059 -1513
-6675 -6283
875 2820
4297 6821
-3927 -1821
-3635 694
7553 9970
-1788 5859
-2830 -7010
-9963 -4909
-7036 -2074
3546 -2023
-2198 6483
-7573 3703
-4075 -8642
9400 5588
-155 -7275
9305 -9280
9266 3601
7541 -4661
-4500 -2374
9754 -6948
1317 1686
-7369 8487
4677 -3610
-2702 7641
4316 -5436
-662 -4162
-5232 5486
-6739 693
6845 -7340
-3720 -3311
-894 -694
1130 2093
-3373 -1330
7432 2128
-9983 -9095
8901 1334
2592 -4747
3541 -2732
1643 -5441
-1371 -4042
-877 -8313
5517 7612
7173 8778
2026 4017
-8563 -7974
-5573 4265
1332 5557
-3643 7960
-2052 -2491
3808 -2035
-1586 6429
-6981 -8995
-4598 -9720
1994 7045
-5161 -5657
-3277 7683
-3970 -7761
5295 -6797
-5263 1041
7220 -3825
3067 -4633
-5840 -5601
-9076 517
-3921 -1128
-8254 -6393
6837 160
-6244 -6424
4887 -841
-6144 -3120
-3797 2416
1224 6648
98 7254
8887 -887
-5823 -6376
-9847 -4882
3520 3221
485 -8600
-8660 1409
1917 1140
-9720 3663
4747 -9163
-2457 8503
-1866 -7571
-2339 5711
3031 7586
-1874 -2025
4233 8225
-1051 6840
1058 3127
-5816 1212
8245 -8576
-1847 2450
-7176 3214
-6141 8462
-5647 -2140
5845 -7180
2419 -6612
-4957 -5727
-462 2705
9985 -3711
4011 -1890
4264 1964
55 -6787
-1197 -8887
-9940 6709
6046 8305
8133 -2081
754 -9043
-8868 8334
-6861 -4515
-85 8985
2026 -3946
-3907 7069
327 9352
3494 311
-4359 -2496
8422 9905
9468 2197
-3162 1992
3310 -3102
-1300 3076
-1077 -3168
-9006 -6602
1510 -7874
-8269 4650
1332 5367
7355 -6643
-8580 -2832
-5853 1748
-3481 7641
-7942 5881
-4855 -5800
5786 -1667
6398 -3656
-9676 3428
3243 -976
-3496 -7835
9578 1219
-716 1087
7067 1016
-543 2119
-3618 532
9198 1524
7700 -6656
-6729 -2060
-9016 -4671
-6180 -150
3251 -6674
8184 3369
-329 8508
-3204 -3366
1253 7021
2520 830
-1760 -8196
-4363 -4694
6541 8816
7425 -7078
-653 6622
4446 -2953
9966 -8563
8708 -5329
488 -7473
4521 -6262
-4146 2704
7107 9246
4933 -2377
-4121 -3815
-5356 8399
-9265 2884
-9798 -3628
-8090 -9537
-4813 9335
-2893 8256
9678 -4727
-977 9643
-3289 -2270
-1966 7199
257 -7445
-5343 9832
8980 -8237
9077 3912
-614 -5045
-6183 7751
-2925 -5448
634 998
925 2544
1462 9833
5600 8569
8088 5277
-6159 -2890
8640 4273
4840 -3326
1471 -1182
-771 6128
-1351 -1792
-8389 -2274
-7880 4719
6402 -342
2469 -2803
4211 -3176
-8084 -1144
9368 3378
2409 4967
5667 497
3964 -6772
-8673 2604
7502 9889
9278 -1028
-1294 -1494
-1179 -8925
-9566 4153
2522 -3725
-1129 2645
5934 -4939
9842 144
1885 -8243
-7280 4973
8856 5129
3661 8243
-654 -2376
-8529 674
-9773 -7307
4283 9505
5386 -3291
1731 -5794
-2216 2166
-7920 -5973
8441 4672
6672 4374
9733 -9767
-1762 5338
-4288 958
311 -1712
-3913 -6029
-3469 9154
1595 1723
-173 5544
4416 -2170
5048 -199
4539 -3221
7729 -3956
8945 9809
71 -8895
8201 -3258
9201 -8346
-3025 -2562
6992 2687
8397 1023
-9025 -1796
8715 1227
-2643 310
-7051 -9095
-426 7365
-1265 -5379
886 -3005
5121 -1386
3039 7786
2143 -6891
8892 4065
-149 8092
5719 -9454
-4471 2710
6955 -2354
-6267 -8350
9571 -3832
2877 649
6478 5826
1554 -3949
6911 -5991
4394 1517
4725 -486
-6148 -2237
-2700 5995
4593 -88
3780 -1836
-1997 -502
-1289 7253
-7792 -4335
-1380 -338
1036 -1810
5830 -6088
8839 6029
-6542 4113
-4200 -9632
-8157 -6086
5606 6568
3429 9458
-1948 -5551
9174 -7356
4361 2953
809 -3916
-7549 9520
-6664 -1620
-1095 1956
-8238 9941
-6133 -8688
-2427 -3574
7341 1031
-9461 -3138
5120 -3897
776 725
-7330 -2075
183 722
6095 -644
7088 455
-3971 -2104
-9741 -1520
1136 -6404
6860 -6239
9273 8622
-2578 -6861
9935 4995
3287 -9005
-254 3826
1578 -5135
-6351 -7646
9311 40
4000 3214
-5517 95
-3710 -8430
-5730 2320
-534 -5470
-9201 -9399
1847 -8620
-5638 1119
-6278 5505
7980 -6344
499 1266
-1627 -9756
-1188 9951
-1170 6182
-3975 1861
-3779 -9975
-4925 704
3841 5086
2274 8111
-2595 -4540
-3639 1926
-218 8208
3306 7865
3048 7028
3369 4748
-5595 -6133
-266 2778
-2168 -7734
6449 -9618
8448 -7526
2244 -5332
-3780 -8961
9094 -6219
6125 1367
-8109 -6470
-9452 1974
9177 330
181 2482
-1805 -3051
3230 -8437
-8304 -8645
-848 1430
7854 -9296
3696 4303
-8913 5864
-9503 7052
-9468 438
8091 9626
4219 4215
4713 9831
-8535 5261
1804 -9359
-688 -4294
6844 7507
2655 74
-7210 8073
5150 5663
-498 3004
6368 -3081
1027 7455
-7218 1524
4506 -2965
-4318 6317
381 9901
531 -1185
9731 1997
-2204 1535
6359 7108
-9039 3203
8335 7337
-3003 -8875
5409 -7854
6788 -1368
8871 6876
9272 3618
4330 -7947
-4859 2556
2810 823
-1128 -3089
4444 -6876
5726 4175
8842 -2757
-570 5200
-5650 391
-1598 -3594
-2273 9120
1252 -3143
-5013 -1961
5489 -2422
-5085 4760
-8804 -7035
-9467 58
9243 7064
-5398 -1886
-6025 9046
1238 -6579
3220 79
664 -3630
-1000 8736
-9519 -8878
-4859 1930
-9758 6393
8787 -1050
-1848 4275
6528 6788
2755 7724
-6526 3288
-2218 -7284
352 2384
4551 8048
5150 -490
-8532 2091
9589 5854
8461 2309
4589 -7337
3432 -6550
4593 7395
-6437 3379
-3656 5436
1374 -7129
2224 -5872
-5684 5698
-8864 5819
-7866 1488
1923 6685
-465 -2928
-3806 4725
9163 -496
578 -8656
-8188 -1113
-5993 5244
6058 8600
2638 9621
5699 -7298
5056 -2928
-705 1000
4921 3611
418 6057
3150 2552
1266 -4928
-763 -9200
2144 9152
9246 5028
-1345 3544
6372 468
-3849 -9622
-568 -7792
-7302 -4209
-4451 8397
2214 -5674
-811 -8492
5326 -5891
8840 -4256
-9835 1989
-7984 1431
-9219 4974
5953 2926
4126 8919
1674 -7220
2463 -1955
6969 -7666
2144 122
-5457 4842
5913 92
6959 -1874
4418 -3853
3356 3465
3977 2195
-7071 7863
-2095 -5055
-706 -1314
9920 -1033
-4668 7766
1606 7006
-9455 -2211
-1229 -8765
124 -9086
1357 4667
9477 -2731
-1521 6435
9116 -3382
-7419 2471
-6197 6558
-5334 -3268
4421 6292
5398 -2565
-5023 9038
-9878 310
6803 5449
-2685 7349
-6762 6087
8584 3362
-9279 -60
1749 -9802
-9071 -9773
6633 -6235
566 -7065
6237 4369
-6787 -5377
-5179 -8646
-9086 -9781
2510 -388
9257 6353
9922 9781
1802 958
7129 5040
765 9433
2122 1486
3093 -6130
1684 7743
-2182 2038
-8493 8385
8694 -8536
6474 -8094
-3913 -8705
-6739 722
-4765 9492
-9666 -1788
5845 -6024
-2008 -2354
4934 -1159
-3594 -4302
-1727 8528
-9095 -4914
-3882 6310
-3451 3936
2068 -1943
6041 761
-479 2515
2668 9330
7531 9650
51 -7235
-7139 4106
977 8706
8083 8970
72 6737
1531 6478
-3844 -6475
8726 -2939
-1389 -5157
-2909 5161
8780 9160
-3062 4820
-80 6459
1055 -7413
9509 -1415
-4043 3281
5071 -1181
-2614 -3952
1245 -811
-1262 -8683
-4074 -9732
7795 5803
-2486 6521
-7137 6126
-4916 -46
5007 -6137
2834 -8056
-7596 -7246
-7877 3459
-938 -4647
-4235 8741
8634 -9165
-2441 -260
604 -7476
-7350 9342
-6159 2297
-6669 -4643
-1901 845
-4402 4683
691 682
-1643 -582
4546 -8809
5083 -9330
-6055 -9073
4129 3007
-3720 9894
1747 -5087
-5550 -6974
8374 5054
-4449 -8977
4396 3113
3320 -8553
8470 -8582
6013 -2212
6101 425
8471 -5542
9843 6737
-630 4926
7407 3315
5853 5256
42 -4147
8871 -4490
4487 -6680
2257 2860
8374 -8472
3884 6490
