100
-25163 62945
77614 -88007
-5078 42753
-20637 -6652
60038 -9931
-87089 -99595
-87080 48030
98636 -33412
67125 -43012
50989 -95324
88218 62772
-75551 12290
80056 41322
34155 69701
-20464 -58225
2131 -18537
31810 -20256
-79455 -73269
49587 -92
-52832 9624
17066 -39921
-62882 29986
-91891 62843
23664 75234
-80170 -25348
6999 35137
64514 31449
-52574 -28342
-27230 8671
68448 -20604
-22465 -29422
60859 -90656
-22588 81404
-63924 -73002
-18689 -16756
-36289 98378
-29587 830
-44548 -94389
-36328 79116
7934 -89408
80858 -85068
45729 -27540
46381 20245
44118 46241
-71085 12566
-74364 -66461
83144 86495
-57116 -39445
67898 -93951
-12447 76298
-10707 51265
1764 -13205
79184 57217
-7594 -57145
-36579 -99661
80537 71368
42362 26266
-56173 -11258
73600 87946
62072 29604
511 87708
63143 -89257
74202 -93974
-28701 -30812
-87925 -14059
72576 -71542
64295 -25661
-57658 43478
58645 34749
13423 49156
-37823 -6041
20523 -95462
47314 64351
-79630 20913
-20615 82442
-49484 79896
70150 40749
17728 -28560
-26136 89027
-32282 -14060
-25032 -59707
-58513 -60738
-58279 -16171
9830 27456
45667 -76748
-23389 34934
-55700 97134
39472 91615
-11427 -13069
-60384 67958
-30627 -82778
-25058 66612
57971 92671
-61949 -68166
8786 -67142
-55137 10843
-26849 -86561
50106 -58038
-75642 87025
69418 -2886
1000
-9309 701
7908 -1597
-8718 -1077
659 -6459
2043 -6401
-5802 -2674
9420 9301
-5718 4054
6696 4507
3158 -6807
-249 1127
1831 1207
-1118 4202
6488 -7581
2213 -784
6668 2904
9917 4575
-4973 -5081
-2782 9408
2181 -7018
-6994 6380
308 -3854
5680 4591
-6080 6096
-903 -9202
-6991 -7432
1925 4840
3775 -5472
2762 3983
-3053 -5026
-3081 -2665
-8402 556
-8090 347
5476 -872
-246 1377
2110 6481
-2244 -3861
-3653 -2844
-5550 267
-3028 7268
1065 3703
9836 -3289
2263 3611
1239 -4975
1314 -8094
3720 8234
-758 9040
-1211 1152
-614 -2015
-6000 9140
9363 9832
5620 839
-4030 -8034
-8284 420
5954 -1312
-2313 -2982
-3889 -2478
3729 8375
-5147 -1312
-6601 6168
595 -9161
8122 9837
9879 -3090
4709 -736
8617 -7571
2124 7979
-7740 1464
-1183 1951
7151 4254
-7630 3104
-7058 3778
-6157 2774
-4979 7572
1148 -126
-3740 8268
-238 -9425
9108 -2117
-5868 -7294
8515 -7439
1971 7131
-5010 -2185
8830 -2749
9280 1367
-7078 -9850
-4379 -4707
3255 2284
9071 7098
-4943 -5909
8390 6206
7687 -1630
8194 1169
-1055 7301
9053 6798
-9993 -8713
9359 5699
-7862 -5651
-2766 -9033
5321 234
2334 8243
385 7955
-2744 -2640
3959 48
-1822 9017
7860 -3433
8943 5546
4938 7136
-3285 -2397
8158 -512
-5599 8165
4496 -6241
7584 6634
1829 -1462
7601 870
8773 -66
-887 -843
1610 -9911
-9763 -4432
137 -1585
-1695 -2003
4982 968
-2737 3640
-1896 3978
-8757 -3739
-2814 -635
-1854 -8319
3124 -550
8315 -1326
7988 5915
9544 -9520
-430 2377
-363 -5100
6188 3595
4189 -3676
-7991 -3785
8042 6992
7183 -4695
4352 -993
-6997 5595
5268 190
-5041 -2866
5592 -8196
-9696 3907
4199 -7987
3542 3742
-7507 -3168
-160 5852
5453 -3973
-554 -358
6072 1456
5857 4114
2168 6760
9419 -3481
-4233 -7579
-7886 -5245
6332 794
1890 5645
6319 5915
-449 517
7928 -3187
-2020 -9579
7367 -8460
6273 2819
1288 -561
-7540 -2641
-9106 -7963
-8528 3062
8798 -5389
9582 -5436
754 -4584
3040 806
9931 -5071
-3550 6250
-5435 9722
487 -7508
256 -7813
-3366 -2378
-2552 -3373
-9560 8736
6067 -3378
-3905 6961
2380 1288
3744 4898
9621 3325
-6818 374
-7539 6223
-5100 -7609
-5128 1351
-7639 -563
1072 2849
5651 -4952
8757 -7716
2670 -3795
-1088 6832
-5060 -1301
-2826 4756
-4341 -6726
-235 -6877
8173 -615
6448 -8646
-6521 -7371
-8703 -1621
-4979 -3830
-6550 -2618
5607 8244
-6049 4978
-6709 -3571
7263 5962
6355 -105
6514 -8706
8594 -6313
9772 -2027
-3039 -464
1097 -1146
-7359 1265
3930 -3880
7616 5227
8220 -7364
-8604 -8330
3739 -9276
-6366 -8589
5702 -3075
1561 6685
-3393 -2085
-3421 -3159
-791 -1107
528 2701
-9413 -8790
-4043 1684
3785 2319
-3331 -2286
8439 -5716
-7059 -9621
641 -1942
-4230 -1899
2503 -596
-488 -1795
-9951 -8928
-1390 378
-1013 5190
7219 -8084
-2197 1468
8339 -1610
6399 -5705
-6206 183
6615 464
7898 8774
8469 -5441
-7127 -890
2617 2364
7211 -4880
-8233 443
7046 -4462
5236 -4345
5916 -2057
-9156 3134
3580 2369
-1678 1918
-9242 -5280
9935 -5447
4904 -9731
5017 6522
-7237 7206
-8920 -642
36 3697
-8279 -2754
-7463 -2790
-8591 9583
6469 -9635
-4762 2384
-1692 -197
-762 -8112
-7829 7561
7527 -7070
-3999 -8819
1204 -9096
-4829 -59
-8854 1656
-2854 -7774
-8987 7183
9645 -3545
-1851 -7819
3665 -441
-4515 133
-76 723
-3763 -8047
-5754 5476
-2438 139
6757 -4912
6790 -3522
-9 -2007
-2617 5162
7934 2250
-3183 -4921
4477 1551
-4018 4121
8007 4132
-9978 1671
-2589 -4493
-4475 -8945
9951 1762
-6992 -5803
958 570
8057 1435
9380 4846
7914 -630
-7162 -983
-1748 -9229
-8734 8791
-429 9464
341 5554
7305 -1653
3406 7328
-6261 -9184
-3445 2985
-8129 -3494
-1533 -1399
4424 -6854
-7109 2480
4581 -7730
-2675 6215
5361 3884
-1048 -6387
8376 219
-3876 -2054
-318 6465
-2780 708
-1467 -9375
-1965 5993
-4838 4590
2698 755
-5184 -8836
9356 9240
-5690 -7754
5440 -7388
-1762 -3515
-7453 -6402
-9632 1500
932 -7536
-8282 7056
411 5121
7242 -8649
-4172 -505
-4302 7584
-792 860
5895 -8095
-4665 -9290
-3210 -5310
-6329 4822
658 -7169
7434 8896
-683 9981
-3786 3406
5201 -9133
5871 -9361
7923 2
9482 8885
5074 -4691
2100 -9229
-3386 -8693
5353 -7492
-3067 -5592
-3061 3724
2820 610
-1455 -6523
7163 -301
-3907 -3521
3400 2307
-6395 -1399
3174 -6804
-760 4818
6919 -1279
7423 1993
7752 -477
6485 -1914
4551 5558
594 -8516
9967 -8747
8929 2786
5585 1194
9984 2747
-5387 -3924
-7054 -8267
-7897 272
334 8999
3469 -6705
3816 4108
5737 4959
-3900 3488
-5519 -3694
-4706 -7247
-4416 9609
-2042 -729
-9138 607
-4223 6447
-8200 -4240
2914 134
5557 5860
1867 7661
-3869 -4078
-9621 -6680
-783 7916
7429 -5047
2874 -2751
-7838 -8924
7276 -2544
-6171 -7140
-2935 1787
2131 1648
-7607 -8371
1815 -2086
-2611 -5272
8048 -3333
-5692 3635
-1952 4160
9557 -1573
7481 2494
-3658 8630
-8832 9216
-401 -2949
-9709 -3125
4507 -2159
3456 -4708
9628 -693
-9340 -4259
936 2475
3655 -7954
7203 5423
-1287 -8490
2779 6761
5671 2335
-1092 6872
-5171 5250
9222 -282
8186 -1180
6769 -7802
5695 4996
39 -850
-5991 3388
-7822 -5331
-7151 3114
7145 -9775
5160 8068
5648 -6128
-6701 -1574
-5647 -7310
-5518 3261
-6718 3032
2231 -7497
-7251 4138
1323 9518
6336 739
4513 95
9889 8522
-2797 -7934
-3088 53
8902 -2223
3999 4061
-4156 -354
-8346 2864
-8207 -272
9275 -4
-3290 -7444
-6973 8941
-4941 -503
3078 6383
-986 3134
-2879 -2753
-3050 730
-510 7874
6518 6402
1647 5419
-2101 -4355
3200 3743
9013 8575
328 -9195
-1697 -398
4522 5013
2159 7549
7674 -9062
766 4473
-8959 -6500
1327 -1838
747 -8003
-7387 -6043
9872 -7149
-5921 1518
-8010 1978
7164 5190
-558 6176
7486 9770
-9299 -4212
3092 5223
-5479 -1029
6492 -4085
-90 -2743
-9613 951
757 5436
-7166 -4776
7433 -4553
2903 7304
-1702 6982
-1178 288
2681 -294
-802 -7878
-398 -3317
-4388 303
6192 8704
-754 -5567
1396 -4263
349 -8695
6715 4457
5977 -2529
-108 8811
6416 -2675
-2022 -682
-1651 9997
21 -9109
4005 -7299
597 -3076
-5177 -9802
7328 4156
4222 3520
6580 -6533
7953 -2025
2925 2022
3001 -361
-3521 -1022
-9170 -9909
1509 7247
-2584 -6792
285 9487
-6796 -9695
-9623 -9070
-3273 4696
-2146 1550
8615 -4819
-574 2837
-7579 -3994
-9976 -5905
3981 2950
9838 703
-7412 -3684
-6599 -2860
-3592 4910
-5614 7545
8118 8392
-9249 -4957
-7582 -8871
-306 -855
9546 -8732
-5584 8160
170 3842
4717 2592
9848 4742
-9593 7550
1412 -9756
-1748 7721
-3439 1653
-5140 6690
283 2967
7955 2122
1359 8707
7165 3777
-6444 -3142
-7079 -6899
-1874 -2663
-8740 8296
-8821 5978
4608 -5253
4440 5015
-7704 -4149
8981 4269
-6429 -738
-358 -1568
-4049 9926
-4881 -2374
2047 6478
-3668 2932
3975 -112
9790 6897
6710 1636
-2046 7971
3652 2854
7669 1981
-8678 2108
716 -2661
-8321 -304
-8392 -1029
8958 1250
-8877 -1371
4896 -3757
6256 -3058
-7280 -3692
9874 6696
9918 -6617
7313 6627
8740 -1013
8318 6113
-4438 5986
-1907 -3116
1814 8809
4223 7214
2226 9552
-3815 1183
802 -2692
-6467 -4303
7272 -6491
6361 9993
-183 6234
-9592 3455
-6662 -8559
82 -7923
4149 2120
8190 9711
1827 3
-3406 -6360
2533 -5462
-5425 -5242
-5911 760
9662 4891
-8212 -3085
-5691 9061
424 -9331
-7227 -9759
-9377 -3098
3696 -6039
-1657 -2502
-240 -7509
9619 -2051
-4077 1445
-8327 2517
8806 4206
7055 -6620
8964 -5135
7861 -7655
9756 -6630
-739 -2215
-3849 9685
2175 2645
-6354 6520
9547 -8937
-9520 -2111
-1439 240
4101 1900
-8090 -9977
-2935 -6417
6262 -408
7789 7037
6693 -9528
-8099 8275
-3462 -4622
-8356 5799
3163 1516
9205 -941
-5840 -3429
-4422 -6294
-2366 -3942
5316 9917
-9981 3137
5537 -4350
3161 -7398
2954 3143
5915 742
179 2607
4935 2081
881 -4807
7459 6246
-5287 4342
-2239 -6083
-6600 5642
488 2699
9348 -8157
-7522 8384
-8241 -7503
1521 7296
1868 -1598
-6382 -5179
-4735 9533
9284 5444
5861 7939
1245 -3259
-6869 2424
-3292 -2156
487 8190
5482 3887
3832 -4030
307 6900
1534 2785
9005 3293
5282 525
4309 870
-7353 7928
5691 -2088
-8820 4974
-2924 7041
2912 8322
-2497 6043
745 4211
-2392 -8769
6121 -6911
8840 -48
2780 -854
573 -5687
-4349 -423
-8674 -5347
-6178 5636
5523 190
7284 1213
-8178 8464
-93 -1102
9226 -3461
-2781 -3272
-3698 -8315
-5341 3910
-3363 -9221
-9280 -803
4453 3500
-7937 -4975
-8466 -2286
8323 -7140
2367 -4135
8496 1610
6055 9500
-3457 7877
7964 6450
495 7189
-7012 -8565
-2363 3012
-3159 2296
-3079 3478
3075 -2359
-3604 1248
-5138 2180
9994 -3604
-6385 8316
-744 5982
-2099 1473
1313 -2324
972 7856
-4448 2656
4306 9769
3565 -8986
-8797 -8799
4026 -1956
7218 -5332
-4758 4014
2309 1638
-4739 -9109
-6182 -4745
-2713 -2567
-2709 -9736
-2865 5193
1737 -7832
-7132 -3571
-9976 2142
-7194 8051
1910 6371
-7215 3113
-8707 6812
-5123 8511
-4800 119
2524 -8771
-4522 7786
-7879 3017
-3239 -592
-5830 4052
-328 5026
-756 -4871
7195 5834
5280 7219
-2025 8086
8990 9885
8177 -8226
6718 -6810
-7694 -4685
-8299 -2494
5434 7946
2457 -9089
9452 4578
7649 -3788
-2294 -8182
-6015 -8901
6845 3229
-3772 4039
2783 -4772
4978 -9243
-6687 3967
-5638 -4789
5741 -5200
-1599 -8232
115 3823
2995 -730
1769 -4549
3902 1220
-9972 1551
-8847 -2265
3369 -4862
-1166 213
-7913 8783
-5749 4871
-5989 -7051
9349 1045
6916 -6289
9977 6378
2232 -1622
8146 -7653
-7800 1140
5338 7690
-9688 -761
-1090 -9660
-9211 3784
1796 4159
8922 -5650
-5629 -5271
-6867 2344
9600 865
5293 -7331
-8091 5930
101 -4393
2307 -7668
3985 4173
-1600 9906
-967 -6263
7596 -655
2977 226
3407 3766
-2270 -4798
-2076 -3349
-447 6017
5101 6407
-1640 4701
992 -2627
-8910 2901
-2977 1191
-7772 9330
3523 6213
7223 -8077
9840 -23
-4340 7435
-6958 -7643
1381 6449
6124 9111
-4628 -2232
-518 8646
-6216 -5418
5052 5865
-6997 -3957
-3041 -5907
-7336 3982
5284 -5107
7033 2528
-5174 4255
8172 -5335
-2048 -2448
-4180 995
-90 -9079
-2557 -3967
-9969 2815
3801 3234
5181 -8694
7817 232
7171 -5460
9996 -2150
2355 -3619
-8168 1359
4995 8865
-6114 -6459
6840 -7943
1928 -5208
-390 7748
5787 -6760
-7610 -3050
2994 -3858
-6514 515
9377 8667
1821 -9087
2620 2713
-4547 2615
-9438 7808
-7284 -7606
-833 -8569
-5021 6774
-5027 -8181
8832 6901
332 2162
8369 -3882
5402 -9242
3068 -1605
-3099 -9726
8910 -2
8942 4452
911 1561
-2836 -9916
-2104 1447
7893 613
7563 780
5765 -7459
-2447 -9263
-1919 105
-8642 8413
-4013 -6552
-1749 -4891
-2073 -4960
7225 8549
-4686 9856
-1454 -5745
4307 9457
5816 -4809
-6738 -6288
6638 -8846
8046 7921
5655 3810
-9538 -3072
8269 2264
-9246 -6653
4398 -3259
-3205 -7352
5572 4723
1409 2796
3271 6724
2651 -4462
-5301 678
-1285 -5764
9590 1977
1669 9949
6852 3435
7869 6227
965 -7949
-6845 -767
4316 -6091
2581 -1287
4371 -6904
5082 3663
-8461 212
-3541 4811
656 -7170
-5931 5355
7230 2784
-6689 6819
-5239 4980
6767 -4667
-1586 4636
-8440 9380
6687 -5285
2333 4723
2345 -1366
-2844 436
1731 -4041
-5901 3270
6171 4279
1801 -3174
7109 9591
-4099 8059
2375 -787
4878 -9144
-2087 5365
-3811 -9952
0 1470
-6852 408
9906 5481
-1149 2250
-2164 6008
-3593 -6713
-4313 506
-9723 -8143
-1495 5800
2404 -666
5390 8305
-2607 -2236
1238 -7730
2341 9152
7635 -7749
9200 1356
3721 -3932
-4516 3627
-4731 4335
-403 3105
4063 9725
6392 9750
230 6670
-4673 -7545
2469 7731
1790 1579
9757 9183
-6936 994
-4827 5405
3866 -3472
-8624 6786
7884 5098
-7147 -6633
2445 -1877
-8577 -4238
-8773 5486
-4513 -8660
8957 5717
-8270 -5717
-8107 7920
-7986 3683
-502 -8230
2865 2562
