100
19907 20541
-73781 79438
-8068 12936
-48503 -47069
3761 72961
66889 57828
11613 -28115
33918 43321
55952 -60255
68113 86958
-28365 30811
59435 35476
-78984 -49865
-37661 -61081
44292 54683
11564 -35802
-97688 -35128
70725 -78667
4897 49312
-98647 -91343
22272 68243
-6426 60975
-59873 54581
-68616 96079
94326 99497
10125 -34039
-42603 -30440
28526 -21587
-53216 90865
17332 91077
-27364 55986
82364 -97963
-79143 53089
-76630 25755
2400 -75277
-38499 51761
92966 55076
-60176 60182
9656 -28792
-16650 -68929
-29295 93475
-2968 -44809
90124 52647
33604 -63092
43511 78026
55074 43236
34011 37437
45273 -18043
-82386 -4268
-92289 -52897
-52456 96303
98865 67600
51378 -61312
27781 88123
9897 -88870
-80807 7691
31695 -56686
62882 21818
23050 -76426
58726 93650
28689 -59112
36885 -37301
78326 -90754
-28254 23029
4978 -93454
70133 52523
-97152 -3914
-52789 54226
34774 74992
-30562 71760
13212 -84280
-93461 71996
86125 -3490
-6187 9174
-52826 79629
2824 75863
-79484 -60292
65652 25931
76045 -62603
-51040 -18978
-56057 -80908
60634 -53208
15178 -92156
28107 77041
9926 24634
-24110 50227
40355 -90482
22222 -46432
6029 43124
62742 -19708
22752 -34435
-43846 -29642
-67637 -78195
96289 -91593
86292 -54752
-83482 -69765
91430 4242
-95884 -66304
-60825 -40688
-89263 49101
1000
5371 590
7827 -1105
-1670 -8847
6839 -4162
-7652 -6140
-2773 -2850
9117 2752
-316 5544
4293 -7111
-7519 -8149
5407 -9427
9628 219
-9359 9707
-8103 8676
-5039 5472
5321 -5948
-218 3148
6668 -8167
4301 7227
-2329 -9631
-8913 8620
-2480 -6076
5092 7204
9468 -616
-9908 -8052
4956 9221
-3758 8304
-561 -3116
8010 1336
-4441 -3308
529 -5400
744 -5969
7748 1133
-4136 5770
-1641 7257
9860 -554
5876 -2621
3370 4688
-1696 6558
-5929 -1604
8506 -7252
1337 -1531
-8949 -5504
5353 9062
9554 -5368
-526 3803
-768 -6062
7834 701
5071 -6302
191 -6570
-9046 3771
6597 -9450
-8850 3688
5238 -546
245 -6971
-8430 2472
-4223 6629
-9060 550
-8876 -9987
3332 -5602
-1634 -7195
8201 -8682
-3257 6035
5740 -4465
9733 -349
-1035 -5593
-6578 -718
-5043 -1707
-7031 -6085
-8533 3215
665 -3242
-593 -9837
-6614 347
713 -1768
4081 -5956
2630 -7554
-3151 831
-2515 7313
-3135 -6775
-7153 318
2876 5533
4725 -9982
-5185 -6598
-1689 -2216
1038 -222
-5281 -8298
6537 4126
-8135 -6357
-1807 2578
1875 -7727
-9658 -1774
-1560 912
9057 9647
-1775 -358
-7129 4793
-6320 9468
4047 -7875
9487 -7418
-752 -2203
4087 -9715
-8704 8807
-4292 7833
6653 -2426
-4804 -5154
-6128 7072
840 -5785
-982 -6999
5127 -1926
-7353 -2928
-8564 -761
-4414 -4884
-1294 9633
962 -1808
-4065 -9791
9711 -9979
-9506 -8994
-7452 -3798
-7441 9202
7497 -2245
-2232 -4910
-1453 -7672
3026 7565
-4671 1873
-641 1697
8946 795
-9065 -1748
9632 3363
1605 593
-8446 7540
802 -5015
7561 5017
-4009 -9891
-5060 2271
-6969 -3843
-9974 799
1247 2294
6848 -5728
-141 -4102
9867 -7062
7595 -7468
7455 -7749
784 7086
5614 -7612
1400 7168
-6352 -4078
-4126 -5071
-5340 1865
-1241 3321
-2143 1790
9478 -2117
-3691 4446
-6103 -6843
8718 7477
-945 -7696
-9585 370
-5164 7870
2621 5620
8676 -1766
-8272 3796
-877 -903
-6561 4997
4027 -1901
582 -7215
-8581 8439
8297 -9104
42 -1674
5342 3940
1483 7781
5137 -5742
-9916 5552
4629 -1358
7142 -2751
-5739 9539
9205 -289
3334 2048
8808 6773
-2956 6555
-5129 -8654
-6939 11
9786 -4922
4629 3548
3404 3691
-2513 -1392
5192 -3655
2866 8998
-8104 1215
-2361 -7241
-7815 5621
-7703 -4890
-4669 5631
7158 -2140
2404 -5799
-1865 -9005
-4453 1196
4728 -947
9995 -644
-7399 3399
-6954 3809
-4273 8239
-9847 -7687
7236 -4229
3529 -1405
-1470 9435
-5785 827
-5456 -453
-3543 -8299
-8873 -7419
-377 -738
-2702 8891
-5821 -7975
-2056 -5827
5102 4266
-8708 -8132
1795 -2981
-9894 1949
-667 -8938
7720 -3418
-343 -30
-3984 3873
-9204 560
-2860 974
2261 -1733
7277 -8117
-8751 -5426
-9227 -851
320 2438
3323 -4579
424 8336
-2711 -7781
-4645 1117
4168 8409
5900 5608
-5010 -4443
-702 1006
-6850 94
-8435 4011
-5212 7547
-4002 -7936
-6850 -2753
-3362 -2356
6397 -9322
-6197 3440
-3901 4227
1775 7110
6446 -9150
-1774 4334
9259 -5875
3662 -2031
3403 -7041
-7305 -9727
3053 -2019
4284 7842
-4473 -9719
-6374 2398
1250 3986
-9958 1367
4664 -6155
-1473 -5516
-8208 -5978
-8407 8239
-5127 3540
6293 -2148
-8615 -45
9543 8510
2914 -7763
8783 -312
219 6788
1250 5746
-9211 4876
-1856 5760
-1139 1907
-2874 -2754
9473 5653
1730 -5015
-6604 7044
-6777 -1731
583 -6763
9842 5689
3192 9384
4198 -3895
-8379 6702
9514 1840
3489 763
1306 7999
-4361 -6830
3759 8221
5077 -5395
-813 8270
-6021 -9084
-6745 -2625
-8320 199
5644 5984
3436 9206
1673 -3373
8590 -409
6454 -6069
-3708 5967
5771 -6499
451 -2924
-8500 9811
247 8980
8031 -956
-6416 -2782
1035 -2437
1855 4290
4938 3536
-1791 4302
-481 -8355
3508 -5088
1993 5818
4504 2167
9749 -5484
1855 5519
-1982 -7695
-3685 3239
-4164 -9718
2218 -2413
3048 9523
4805 -5918
-2914 381
-7908 -4256
-2363 301
-9954 7156
5667 7275
-4211 1381
3092 -9708
-2732 6561
-5192 9123
2079 6547
-4852 -7886
3506 984
-3882 -4277
8572 9166
-1033 7097
-6753 6053
1198 -940
-4483 8835
-6919 -4437
9712 8749
-3442 -4500
129 -6630
-487 7397
9931 8042
-9760 5730
4589 -891
7845 -1906
-9907 -6038
7539 -7615
-3152 -3495
-6798 3816
-3722 4401
-7125 1795
3235 -4044
-8921 6667
-1575 -2363
-7834 -7726
1008 1679
-6608 4659
-279 -6368
389 -1970
6462 1954
9845 -9725
9637 7383
-7340 -3516
-2392 -4137
-5980 3886
-6016 616
-598 7219
6572 481
3886 -1282
-8162 9773
992 6567
5173 8105
1226 -1386
-4543 -4665
6644 -8081
7289 6488
-7806 6925
7592 -5145
-2871 -4801
4439 1149
-7194 8423
-8236 2208
9362 -7944
-7312 6968
4495 -1753
-9539 -792
-5186 5634
-2688 9761
-5753 2770
-4905 -5389
4689 -7617
-5181 -9397
-6972 -7590
-821 3878
1331 -6383
-1253 4137
-4240 4232
-3656 -1157
6288 2753
-469 4504
-9001 -8
-6289 -466
-654 1023
-706 7314
-6208 4389
-4355 -7799
-9508 465
-7195 -6480
6596 1984
-8882 -2074
9323 -135
-4217 -1197
-5904 2127
-8634 -5895
-1400 898
8609 -400
-5390 -7681
-7146 3957
3342 2149
1270 -9145
-3463 -9364
-6944 -2970
1101 -418
4271 1417
-4713 5390
9344 -5391
-4746 -1153
7133 3072
-9026 8500
7177 3295
-603 5785
-3385 4007
8104 -530
1684 1445
-8382 -3325
6021 1876
-2689 -7202
-7374 8412
2380 6898
-172 7667
6008 2892
-4004 -5018
-8261 -6871
8054 -3566
-8372 5230
-6551 1025
1014 65
-1248 2838
9535 -9564
-5717 -5127
-2889 -5976
6749 4422
-3178 9376
6554 9203
9994 102
-9411 6001
-3285 -3414
-9018 2175
-285 -7243
-7671 1343
7987 -4222
-3912 2722
5843 4840
-4441 9098
8997 3563
-6030 -172
7588 -9281
-2030 -5591
-6185 -5477
-2668 -6192
8347 -2078
9809 -4939
4508 -5489
7236 -5778
-2732 9565
9286 -1024
-4658 -4627
-8303 -5094
-6067 977
-5997 -3349
-5460 1695
6479 -7873
6135 -5551
257 9950
-1028 7590
-6243 1039
-768 -2714
6100 -6261
5518 7056
1682 -3493
-9660 967
5483 -596
-9940 -9100
4310 -2286
1877 -7967
4365 -9863
7449 844
-4015 3583
5293 6243
3532 -2015
7553 -8991
9025 505
2016 8845
4244 -2466
5901 -354
4041 9962
-5667 3244
-635 -5607
7865 -2605
5828 -259
-571 193
-121 598
-8964 9585
-5819 -9951
5827 -8567
1755 7100
-3836 4500
-2396 8180
3345 -4432
-566 2966
5214 -6526
2927 9547
-9562 -7708
-2340 8303
-313 -6512
1765 -7164
7402 -4636
3435 -7842
-5052 -8664
-7793 -5504
-3510 3962
-8405 2654
-1538 2921
834 -4473
-7791 -9733
8493 7424
-2537 5140
-9310 1622
-8848 2072
-75 4561
9281 -8311
-8883 6682
-2947 8273
8840 5722
9609 -8954
-9783 -3901
8729 -4466
8753 911
8455 3307
6438 -9337
7296 8651
-8193 -1521
7512 -3781
-9900 8664
8291 3746
3224 7571
9156 8063
4252 -71
6335 3091
-4349 5944
7858 -4132
-4237 -9694
1402 -1764
1218 3577
-4736 1376
7962 -7441
3748 -6511
1038 1259
-292 4859
3643 -2002
-1395 588
-711 -2240
-1350 -2739
7690 -5016
-5928 -2939
-5352 -8071
2929 4132
-4043 -1948
-7632 7175
-4651 -2368
2271 -6690
3912 -261
-3200 -1330
-5282 -9772
-6472 8362
1948 5854
2670 -8764
-2665 -8681
-1502 -1255
24 2570
5806 4673
8221 2455
2525 -5823
-5773 4893
-4928 -423
-3755 -8937
6608 -6123
803 -2872
2547 5521
-2643 9797
7603 9305
5650 272
-9460 -3295
5312 2759
5450 -4664
-4671 4976
-6271 -6451
1152 6254
1447 5379
4868 6519
-5045 -5167
7582 -4716
-1289 -1616
2412 -8743
-2374 9769
-8947 -1051
9073 -9576
-7058 -6666
-2871 8254
6093 -3700
-2690 -4858
-5004 1039
-1309 6148
1014 -6142
1527 -398
-9624 -9798
4435 7959
-4514 -6855
63 7899
-1876 -8591
7667 -823
359 -9540
3322 3301
-6206 -5828
5275 -6393
472 -7415
-1250 5468
7345 -8839
1616 2079
-4980 -3137
-8320 -4604
-2935 9837
-2925 2552
-7019 -9141
450 4826
-7732 1837
-5997 6348
2297 -8955
-352 9812
-4783 -1356
-2860 9410
1229 5890
8599 2294
7051 214
-5627 -4209
7077 -226
4909 -2138
-390 -8017
-9587 6313
-3437 4584
1138 -1168
-3579 8862
-4821 -7562
9908 8549
-4029 -1155
-2808 3111
-1745 -7859
-1000 -3147
4435 -229
-9213 -7472
9284 -8416
6024 4192
-554 -4367
9896 -140
-8055 -3541
-1836 3084
5291 4585
5666 -5810
-9256 5573
-7262 -3285
-5582 3651
9826 6394
5792 -1175
-3033 3948
-7684 -2246
-9804 -8401
-662 6220
5791 -7496
-4426 9408
2364 -2481
-4134 -9472
-5677 -5123
8834 9990
-933 9578
9283 5527
-3708 -2579
2898 -3883
-2465 2411
8663 4502
79 -5300
-7745 275
-3701 5314
216 -4189
7819 5790
-4782 3903
-2971 4805
8152 1353
9682 6986
5063 2469
-9717 8066
1716 297
-4513 -5386
-9866 3022
7025 -7482
1245 824
-2782 3500
-8902 3517
-1186 5035
-6952 -3368
4545 -1734
-5745 -8426
-6930 -7593
6648 -3528
-6887 1710
8942 -6604
3496 657
3693 -7297
8992 7549
5726 9737
-9934 -3030
560 -2716
-5810 5380
-5479 6725
4135 -2430
-2923 -1320
5836 1333
254 -7373
3740 -3099
-901 6853
-7669 1761
-6031 5827
-3861 -8617
8531 -1149
8932 7977
-1412 8998
-1333 -7132
-3719 6578
-8032 4523
3303 6104
-7908 -9621
-5217 -8351
1712 8758
-5724 -828
-621 7096
-255 1710
2578 3715
1257 -7563
8819 3508
1288 7750
5205 -6404
6747 -2408
-3535 -3252
-5830 2154
-8730 7473
-1743 -2916
-8428 6761
-1267 7006
5518 6730
-3823 -5104
7546 9644
-9674 3844
3358 5305
6281 2176
2533 -2431
3646 -2262
1165 4113
5330 -8650
-5419 -6780
7226 -428
-5587 -4518
6656 -4014
-4036 -4612
-7009 -4798
-4162 2889
99 -6616
2532 4146
7228 -390
-550 7230
-4494 -8017
-5202 -7128
3442 9684
6985 2492
-5245 -4714
5713 -8020
4859 -9875
1183 1514
-168 7147
-9377 6544
-7651 182
3154 6169
7287 -594
314 8236
-7263 -6515
5465 1964
-811 -6017
4837 -7370
-6334 5542
8843 2142
-9172 4555
7843 5687
8402 -974
921 1954
-107 1544
2219 2242
-4553 -4628
2131 -7267
8499 -7555
-9032 -8765
-349 6433
3200 -7440
-9585 1757
-4810 -2197
-2702 -5968
-6335 -1874
-7692 -8492
-2467 -5570
534 8455
6384 -9574
3719 2323
6390 9166
7695 -1480
-8101 6194
4686 -3412
-8851 -1943
-6979 8070
617 -2843
-174 5807
8681 7125
-6440 -7654
-1029 -411
-6146 6505
7740 8109
8680 7844
-7745 2398
167 8645
5285 1582
886 7184
-2225 -708
-6229 2646
7350 513
715 -2034
-8609 -5738
-2506 -9929
-8614 1054
-7583 4078
-5637 -8
4303 -7898
1821 2982
9946 4077
-899 112
6442 -5615
-8306 1048
-4711 3190
-9660 2781
-444 7690
-2985 -9729
-4345 -1594
-5467 6870
2198 -360
1644 8337
-2562 6007
-1672 -4538
-8171 -6130
-7836 -8225
-8333 1265
5608 -8171
9371 -8978
2878 -1620
7934 6939
-5118 1210
4628 1897
1481 -5997
-5977 9735
-9127 6221
3095 2517
4557 -5746
2245 -3394
-284 4074
476 1880
9570 5864
-3134 8899
7693 -43
-6359 570
-7942 -8426
1229 -3060
2785 -4144
-7443 -2014
3581 -3420
1442 8175
-3479 -1743
691 -8922
2511 -3344
1405 -4053
-9270 -4399
-8452 -9701
-8536 2135
-7082 9157
-7909 -3440
3448 -5851
-1866 -5324
4810 -5361
4254 7367
6347 -2166
-6054 -2212
-3992 4189
9766 -9581
5267 5998
-2924 392
-8056 1527
5993 -2787
5547 7457
9348 8466
-9667 -4840
-4975 3781
-691 6880
-7822 -5881
-4760 6432
-4794 -8414
-2014 2874
3095 7715
-2938 2860
-8146 -3951
2578 -1070
6441 8244
-5823 2433
-4544 9725
3610 -1475
8190 3943
3685 -3065
1445 -7007
-2465 3623
833 2775
54 9761
4361 -8240
2634 1176
9475 9696
-2243 -4951
-4256 -9666
3980 -4095
8578 -8123
8338 -2245
-8399 1947
6280 -6489
-390 -36
4167 -8946
6678 -8298
4677 1232
4477 -1549
992 2559
211 -2654
-6266 3406
-2959 1491
8456 6506
5547 6156
-7590 7845
-8247 -5532
-4401 -6645
-9865 -4401
587 -255
5563 -5246
800 5962
-3544 -803
914 -9068
7649 -8095
3491 1580
2972 -9054
-1293 -6267
6158 883
-9762 1704
759 -3631
3270 2512
4558 8869
9588 4693
-1811 175
-1842 -6249
4929 -7322
-6567 -4895
1876 4347
-3963 3245
9973 -6751
-5176 2944
-5805 7252
6677 -5927
1855 -9365
9499 -7387
725 2768
8847 -997
5357 8434
-6305 -6455
