100
55679 -37049
12347 -25146
58689 45870
-34345 9981
60070 -94340
54936 -9741
-8046 -61182
16144 -4944
71086 49856
88888 57161
50406 -14931
97901 -68434
78306 -95846
-22500 23564
11810 -97953
-16892 94579
-35002 95456
96522 -76314
-31586 -37823
33667 55573
-32163 -84309
-54169 -13120
81599 -10935
81936 -20227
66010 -2088
-63067 16416
82981 61923
47982 61286
66078 52572
-88061 -22113
-18292 -4953
-27535 -26205
-82409 -31013
-2519 -13994
-41747 58237
-58422 26090
1017 -12590
40060 -17385
3564 21995
62388 -30427
-80093 26411
85989 -97113
-11667 -38940
-8737 -45590
40721 3202
-40613 -77572
25338 -41059
-3777 42930
-44983 20793
56025 13270
-93882 24692
66450 7135
39191 6509
89750 -57246
-71497 -20774
12328 75500
-94364 -74595
78388 -6030
-86446 -30350
-24531 54275
-59 34856
3792 52368
20887 -99986
-77614 75904
-52104 78411
-10826 -45986
-69808 -44377
-11762 69383
62132 -94924
-87863 17724
-15697 -48446
-6776 -82972
-23041 -28389
-61913 -9486
-31650 13557
71878 -4620
75502 -24330
-52253 -3612
-97227 97224
-27708 -49330
75634 -11445
-68227 32915
44178 20012
2298 -66602
25088 -58476
51122 -90610
-6922 -55655
-73581 -2874
-56955 91596
14729 -61516
5152 -13393
-39047 -92257
-10634 -64210
4131 -7861
-66987 3512
42809 35736
92067 74583
-31349 36244
-78317 70949
-3269 46771
1000
-281 7583
-6777 1354
-913 9047
243 2675
-9753 -637
-7414 8794
-4116 -3409
-77 -7945
2597 1313
983 -2738
3532 2209
-4045 3587
7251 -1793
-6765 -7186
-2953 9461
3278 6766
-9237 6501
1840 -149
5547 -7917
-7475 5795
1446 -1168
4588 -8950
9144 -1769
-6895 5461
-6736 7809
-7278 6796
3738 2399
383 988
-9395 3618
7523 1374
6799 801
-1861 7563
1022 9980
1134 290
-4217 7380
-195 -9051
-68 -1887
-8001 -924
6344 -1175
-1743 9608
-3367 980
6404 -9629
-6622 -3214
5080 -2296
-5876 2603
9078 -5357
-2876 938
-4074 8146
4638 7060
2156 -9580
8160 -8040
-4910 -1908
73 810
-9112 -3584
9635 -855
-3976 -3733
-6155 -7573
359 944
2934 -4561
-7631 -9222
-8238 -8554
-4579 -1114
6105 1348
752 742
2128 -7092
4883 288
-5132 9973
-7900 4942
4503 -7012
-4922 4137
5854 1102
-5875 9700
7250 8205
4364 183
-6357 6733
4682 -4595
-8100 -9897
8012 8005
5172 2485
-1253 -2701
9114 -6371
-8693 -2298
-2677 -6593
-3636 -4454
116 1443
9684 -4030
-7456 -2471
-610 -6485
-4267 -6247
7419 3098
-5793 2101
8503 -3893
5925 -9765
-2168 1096
2720 6579
-7885 5554
-6071 -2856
-6745 4973
4272 -380
-9482 -5612
-8938 -6078
4079 -2673
5172 -6532
842 -9095
942 -1739
4003 8870
-9639 6226
-5024 6286
-9819 2809
1102 6622
3108 6938
2175 -9243
-2198 5431
9451 -7926
-1229 9970
183 -167
-2388 -2018
7160 -7216
1450 1723
-2590 -3888
9984 -4867
-5018 -5935
-4921 3679
-5929 -4739
208 5173
-8118 -2963
5831 7779
-2206 -2646
6930 -2755
3149 -4300
935 -6669
9254 -7733
1313 6413
-4949 -3517
-1865 2461
6316 1839
7594 -8703
5904 -7327
8698 9975
1655 -1095
8868 7258
5942 8420
8757 -2543
-4227 5686
8423 8922
-4894 -643
-4027 -5641
1624 -8994
-5507 -9604
1210 6349
6578 -2475
-1812 7893
2544 -5909
-5714 1241
-2213 5941
-6134 -3346
6919 9809
-4927 5676
986 4567
1361 -592
3488 -9812
-7515 -6819
-5453 7830
-5813 -960
8226 9118
-4611 8525
-3357 3577
6417 -7093
-8612 -9298
7869 -825
-9637 -8266
9551 7282
-4737 -1656
2957 6249
-7089 -1961
-623 -9881
-1773 1862
-6699 2774
-308 1209
-4465 1638
327 924
162 -9310
-1779 -3422
-6403 3330
1001 -8535
-3774 1364
-3080 -4224
-1354 5905
4120 -8398
5874 7031
3362 -4749
7151 -4691
7113 -5828
8084 525
5381 -2661
-4116 -4293
8263 6046
118 204
-3655 3715
-6467 7346
8901 3480
-1290 -458
9256 7356
-4554 7097
-7322 -8681
4127 9762
-3430 4998
-4930 -2596
-7110 -3126
-8351 8272
4213 -2467
-2301 6196
-2700 7818
-3601 7366
5253 3654
4711 7875
854 -2859
-2584 110
-1783 2862
-2794 4617
4181 -4947
4378 -5528
-6228 -6832
5597 -3338
43 -9034
-1346 -5745
-1500 6354
-5828 9521
7892 4292
6886 3144
-2055 5317
4739 8800
-7542 -7846
2630 4396
5016 -6444
-988 2918
2330 -2890
-8890 6102
279 6707
-3515 -9679
7673 5139
-1703 -107
5213 2469
3134 3104
-3239 19
-31 8427
-943 -1572
-9054 5236
583 3576
-369 -681
-9148 8644
-7764 3183
-4247 -2933
3005 9753
-2506 -6790
-9927 -4833
8350 2092
8781 7283
-5440 5636
4108 5042
-4346 -2203
3469 8432
6225 8136
3667 -3193
1712 -6702
6127 6285
-4338 -7917
-533 5136
2872 -3807
4889 -9635
-597 8683
-747 1473
774 -1966
-1244 9056
-6331 -7137
4097 3044
660 1286
5197 605
-578 -1137
7413 -5146
5882 7260
-8862 -4736
-6937 4327
-5879 5935
-9481 9010
6301 -78
-8588 -726
-8605 2187
-8972 151
4963 -5303
6735 -941
-8538 1115
-5934 -9621
-8281 3488
-758 -7148
8342 -1155
-6168 -6800
7830 617
7527 -8050
-3449 8046
-9041 -3428
-2032 -7628
5847 3084
8280 6875
-3045 3242
-4707 -6311
-3979 476
4804 87
855 -9757
-2705 -6183
-6904 -643
6383 -3072
2558 4213
7545 3805
6163 -2183
1851 -9157
8110 -6461
-3064 7677
6623 -1064
4552 -6423
-7823 -6435
987 1919
7762 -4210
-4273 2337
-3967 6743
6154 2850
-3900 6258
-6501 -7622
470 -8957
6183 -3368
2581 1754
1196 691
9014 8132
-1633 9357
-2933 -3361
-3346 2965
3925 7641
-1395 1686
-2849 4332
-2257 6906
1074 -6103
-245 -9106
-9846 6975
-3007 4345
-8261 -3103
-5303 4320
8651 5894
-1269 -8615
7746 -9181
-9259 -1466
-2542 -2604
-8502 -4896
-1243 3824
-9490 5909
-1845 -1746
6535 -7050
5872 10
-2435 9747
-3015 4559
4091 -1276
-8545 -7492
-3236 -6174
8402 5496
-4789 9869
6315 -326
-1598 -2507
-9210 3621
6318 -453
-2555 6829
-824 9321
-1197 -4290
-7730 -5326
9442 -164
-1859 -3574
-1885 -7769
8871 3291
-5261 -4366
7117 -3138
-5150 -3951
-3270 -8836
9444 8853
2379 -9767
2473 -1304
-220 9918
-755 -7323
9239 8048
2108 -4771
-7279 1549
8786 862
-8305 -3100
6814 -5714
-9810 -4726
-79 -8972
5857 8492
798 -3693
-6623 241
-4841 5756
474 7632
-1828 -6026
-8730 7418
372 -5771
5465 -7520
3179 -8093
4029 1965
2769 9446
-7415 3304
-6269 -3503
8578 7373
-2475 8155
5865 -7957
-5539 9242
2284 -380
8718 -3522
972 -3111
4173 5963
-5694 -5455
-9809 9772
-2975 3371
-4601 -5226
-944 8168
-2060 1641
5192 1672
8138 7490
-956 -617
5644 -1371
1426 -9896
-2130 -2570
3445 -3413
3908 -5583
7198 1802
-9621 -8497
6347 -5708
-5005 -2908
-8617 394
5587 439
2283 -6473
-7921 1195
8920 -6062
-1315 -2037
3321 -5672
6593 -5253
-1846 -1817
2177 -8402
8492 -194
-264 5689
-8393 116
7192 -8326
8129 -4092
2487 9512
-9978 -1927
-50 6026
5321 5750
-2779 4240
9688 5906
-7797 3009
-6046 -7484
-8524 5829
4420 7374
7428 2911
-2821 884
-1401 2507
-5280 -488
7902 -7152
9141 388
-7641 9163
-7818 6030
5189 7503
5501 -7591
1743 5188
-7965 7667
1917 -290
-9818 7114
-4461 4602
4488 -3313
1234 -4613
7571 9833
-8385 -7709
3065 9517
-1140 2205
-95 1220
5089 5808
970 277
3310 -3530
6407 -4948
-4621 -7838
-7282 -8984
1872 -3379
8131 7411
-5056 2618
-2182 6178
-8275 -890
9731 -6660
1401 6517
-7143 -9740
-1279 6483
5201 -6191
6011 -108
7807 -680
-9918 4213
8094 -4539
6375 -5468
-3522 1968
1154 -1671
3099 9819
-5333 -9083
9717 -3608
27 -6833
3454 -4852
9684 -9969
-871 -1595
-9766 -5670
5935 6245
4222 3742
-4436 4304
1675 -6343
-6514 1771
-1810 3685
-6262 -6936
-4266 -9443
-3397 401
-8526 -3681
-9487 5222
-514 3967
-9631 -830
3998 -501
-8705 4232
7550 7230
476 5492
4692 9762
-205 88
-2861 7002
-8142 5329
4407 -683
-7887 -9860
-126 -1284
541 5070
8756 1055
291 1963
-1258 4382
-5147 -3539
-6120 -3852
-5587 -8571
-2902 4890
-9359 -4489
8372 436
5599 -4490
1159 -8823
-5440 -4435
4215 -3327
-4294 -5912
9111 9968
9158 7866
4743 3170
3549 -6515
-2449 8402
-54 5152
-1730 4359
-9699 9090
2969 -9058
-5400 5061
5099 -6081
-9429 -3743
-1183 -4869
5544 -6969
5525 -8751
840 4635
-5063 3719
6222 9681
-3112 3491
-6835 8160
1893 6832
3311 -6117
4911 3612
-7028 1601
8275 1293
-3339 3373
8933 -2768
-6649 -2251
6084 8895
4501 1609
-6136 -4659
-36 -1199
-7220 -94
-1519 -332
-6603 5367
1548 9011
2198 -5142
-7107 830
-7810 -413
-7570 -9536
-9121 -909
7558 -6467
-9956 -9092
1282 6128
-6477 -496
1457 1108
4845 -4858
9910 7625
5048 2111
1013 -7835
-2522 -7440
-5104 -6604
1139 -2210
4226 7050
-8903 6656
-8766 -4303
-532 8792
-770 -488
-6579 -5767
-4361 665
3737 -9183
-8227 2302
-4041 -8318
3647 -5273
7514 -1620
-3107 -5009
4661 1789
2109 -4201
-6701 -3666
-3431 -5604
-3289 -2197
94 6179
315 -6956
-4310 7457
-2723 5050
-1878 -8987
9588 -105
3315 -4454
5298 682
3995 2811
9062 -5392
-8477 3722
-9883 3632
-6759 -6583
-6314 -190
1534 397
7613 -4652
-3425 1649
-1607 5986
-895 5670
1036 7227
-9596 4344
842 3719
9891 -3861
-1878 3885
-7329 -2817
-7787 -2085
-9095 -7670
-8454 -5854
-4253 -4768
3957 -8998
9351 5290
-3650 -4075
-3062 8464
-8089 6044
4134 6668
6991 4538
1011 1554
1977 4622
-8587 -9902
2227 -5916
-2718 4440
1999 1908
6771 7266
6054 -3762
-3781 3731
-2760 -4431
2742 7312
1494 9680
5775 7126
9444 3629
7514 -9845
-1834 2246
1709 -6136
588 3122
-2317 -3464
-9073 8686
-9025 2926
593 -8534
3913 368
1426 -9869
-2181 -7614
-4300 -9440
9698 -9086
-6039 9194
-8239 -6596
2822 -7005
-2720 -5291
8962 8989
-1427 3271
2111 9977
9807 6759
8663 -5498
3405 -745
-310 -2683
-6657 -8885
1169 1163
-6499 -9411
1723 -3080
-4775 5684
-3887 -3014
-7191 8935
3702 89
-2636 6385
-922 9658
-345 -5091
9635 -539
-8333 8297
7684 5072
1272 -2627
-3890 4616
-1512 7279
-4222 5711
7869 7501
-7370 -6907
6906 2464
3800 9715
5119 1222
-197 -7517
-2394 -7399
-7860 7261
1231 -4505
442 2898
-6209 -1874
1691 5064
5499 7801
3400 -2292
8800 9178
-2861 6668
-9602 3490
-6519 -8976
-4047 7281
-9262 -8929
-1497 4263
-2725 9830
-9416 -584
7091 1816
8632 1253
-1566 -3856
9379 -6155
-5072 8599
-4634 8328
27 -5834
7505 7166
-5446 -8377
655 -1964
-7352 -9672
-963 -2893
-8601 -8740
-4910 -1325
-8910 -4325
-8189 -8099
7491 -9558
3154 -355
-3414 6254
3491 5235
8573 8857
3562 -1401
-3257 4787
-515 1298
6411 -6140
-6946 -7221
-5812 5812
3607 -4413
7073 8698
7983 -8117
-5628 9794
-2495 -4417
-6043 -5621
8949 4264
-9368 2439
-501 9205
5017 -3219
1524 -8241
-8432 -8992
3057 -8301
-5132 9832
-1801 -944
5644 -8195
8365 6437
-9498 6347
-7960 -1405
9862 -455
7899 -6182
3924 6848
-8198 8278
3007 5022
-8798 -1977
-8197 2727
3504 -6629
3735 281
-1209 -7676
113 6990
1380 -4244
8795 -256
-4087 -6982
-3909 -2047
1613 -4048
-8782 -488
3491 5142
80 9014
7140 -6914
4036 8343
4831 5839
4790 -1666
-7070 2245
8615 1721
4569 2448
-1290 -4051
8204 1225
9414 -5884
4243 -4496
5790 -423
5177 7008
-7191 2388
5871 2889
5123 3010
9696 -842
5073 8247
-1283 3583
-3420 5368
-4172 -1084
809 -9604
-8637 -6761
-3655 -6712
4464 -520
1125 -1293
4984 -3085
8284 3882
-6078 -8908
-10 -6487
7702 -4888
-9756 -8883
7991 5317
9365 428
2621 -335
-4205 8449
8581 6604
8845 -6335
9843 -1089
-3047 8028
8391 -8202
-3266 7095
-1287 -1262
4697 6357
3551 -5313
9870 4973
3520 -6166
6090 5232
-7128 5454
-4341 5493
-1160 1455
3941 -2580
1779 2785
4806 1622
-8305 -4521
-351 -6194
-2722 -9897
-9099 9712
2562 5598
9789 -167
-5995 -6621
-5195 7526
-2787 -9106
2757 85
-9931 -7864
-4423 -1091
3591 9518
-9951 -4630
6024 4856
-9288 -8561
-5945 4082
-4754 1333
7906 -3853
4766 467
-4535 4554
-5980 -529
7933 -1175
717 -4854
3440 -2806
8952 3509
-670 -5471
-3862 -3358
-2233 -91
5733 -6210
-1515 -9835
-1049 2540
4247 4197
-2406 5873
-5936 -7641
-3661 -471
6913 359
-7280 8567
-7096 3437
-6288 6344
-5649 -7337
3574 3682
913 -6568
-5956 -7599
3341 9777
-3809 -8175
9942 8863
8087 7909
3059 -4320
3781 -9157
-1961 -6160
373 -1328
7920 6814
-2762 -9177
251 4671
-9113 8323
-8945 8182
5725 5689
-8386 9769
8090 8676
9545 -1998
-5778 -6794
-3136 -7692
-8886 9924
-2012 8616
-5513 9748
-7545 8581
-1581 -5905
5395 9379
-1361 -634
4049 -473
-2312 8825
1429 -6587
4514 6764
-6819 2603
9161 -3553
-9396 -6618
-347 -2531
-4310 4489
1113 7399
6825 5600
7146 -6999
4181 -715
-2904 -425
-1337 5736
-7339 -3567
-1017 349
-1022 -9589
3762 -6509
-9104 6944
9816 -9944
-2889 -9581
-6562 6764
1609 2849
4973 -3558
247 1798
-4237 1113
4799 9944
-5882 -4385
3239 2782
-8650 9621
-7065 4054
-31 1913
8187 -6269
9126 9083
-5605 8941
-7141 1506
-6920 18
1990 4690
-7134 684
-5148 6834
-3798 615
1667 -5279
4279 5785
336 1238
2287 5408
858 8943
-539 -9173
856 1368
-1721 3702
450 2674
2642 7030
-2100 9443
-2953 -6390
7853 -87
4294 -7295
467 -5784
3320 -7867
-1063 1320
-8361 -7006
-7443 3926
8402 7137
6590 1583
7964 1166
-7049 -37
-5133 7122
-3643 -8771
4152 4257
-9329 -8802
-8413 8525
4833 5882
-5050 -4701
-6182 -8010
1154 2756
3310 6514
