50
-2079 77213
31481 9949
-83571 89906
92491 -35993
43475 -60299
47473 -78298
63642 42292
33151 -10727
74508 98838
-56183 -64484
94671 -14837
6373 -87330
48600 57320
-61568 30695
-94216 82775
86051 3705
-12924 17532
40743 3505
-65474 33234
67512 5090
72935 -57927
26792 -36335
84365 -40058
-19972 -14039
-41220 23845
21478 80540
36097 -72150
93210 -15303
85170 -68359
42481 18043
41505 28531
48837 -71419
73152 -10420
32086 34767
49903 -73313
-60144 -50074
95850 -6262
13591 80215
-19231 20708
93265 -33362
71642 14742
-52823 7739
-30318 67476
92436 81941
26207 -37995
-16 -32289
90536 75910
-3708 63688
-34511 -71622
-1546 -84609
1000
-5157 5900
-5322 -5201
-5392 2230
3655 2373
4996 4123
6750 -8086
-4800 6035
-7147 520
-4595 1000
-7377 6145
1301 -5811
8721 -5724
7260 -7603
-7282 6840
9316 2299
-2041 -2121
-1802 6359
2678 6527
-1412 54
2620 -2696
-5824 -631
2939 3097
-4596 9513
-6383 4530
512 -39
4395 -4467
7871 3115
-190 5130
5512 2528
1969 8548
-1453 9929
-3574 -9535
6287 -7175
-9288 -1405
2879 3333
5899 -9225
-7299 2559
3872 1826
2071 -8791
-3645 -7417
1170 -9251
-1884 -960
7586 -8354
-5830 3097
4175 9860
5366 -3558
-6492 -4488
-3092 -6485
-1663 -2380
2110 -8785
-9048 1730
-8010 -2625
-5712 5863
9201 -9921
-9208 -723
-7338 1963
26 4500
-8998 -2389
6146 -1107
-5571 4041
-1247 -6485
-9517 2261
-973 1112
9498 -8915
8732 1607
-7700 -6595
-2943 -1988
4501 5066
-2405 3701
5146 -1613
-7023 -8472
-9651 6725
6028 -4927
-1944 5895
7687 6206
3656 -3561
-6559 4139
-7579 2469
-1029 -8082
3554 -2297
7246 9575
4829 -1976
1307 -671
-3190 8902
-3250 -8045
-2711 -272
-6516 1359
173 -6768
-9848 -8051
-7153 7840
8156 6504
-2001 -8404
4363 4141
7786 -6666
6059 5060
4758 7026
8356 -414
-1230 -338
-7365 5580
-1436 -615
-8744 9574
-7167 -5260
4653 6727
1693 4806
8677 8262
2645 -9448
4765 -5636
-7852 2848
8506 -6345
9903 8285
-7565 4660
9031 -9210
-2034 -2200
453 601
-6620 -7263
-6293 -5364
-7690 261
3097 6963
-3012 -1490
5489 -4336
-3229 -1867
-3784 -4744
6219 2085
-8175 4724
9461 -8273
3008 -8104
6388 2039
-7314 -1926
-6441 6860
-7604 -3061
9597 -3897
5296 -4373
-9916 2113
-7410 -2928
-9377 8079
6457 1115
-67 -7328
-9908 -128
8479 -8083
-5405 7939
-2635 -8677
9835 -2527
3362 -3758
5548 6922
-3178 7944
-2419 -3581
-2233 -3402
5767 1572
8711 -7923
8645 9334
-6123 5101
4170 7531
-8506 7983
-2598 9973
-6380 1997
-8369 985
3320 -8534
8459 403
1429 7727
1045 -8029
5670 8626
2111 -2843
-1056 -2122
8729 -2345
-45 -8907
709 3832
6195 -5122
1362 -8591
-7140 8764
-8619 201
4481 -6988
-8814 -2199
-1801 9645
-8076 -6652
7371 2969
-4680 6761
5315 7431
-2362 -5741
-4692 87
1914 8985
1181 -3657
2816 1096
4943 -2101
2505 -8477
383 3886
1725 -5136
-9382 2911
6386 2539
6276 8310
5887 7367
4999 -8794
4127 4034
-7642 -4515
8293 -2334
5572 3927
371 -3248
-9730 -3092
7848 5213
4807 352
6736 -1090
-2042 -1540
3774 -1423
-4909 3880
-5164 -8634
5910 -9278
8733 908
-4350 6580
-5058 -1992
-4215 -3045
9395 -8643
-5397 -234
1830 -5127
6674 3399
-6194 5201
-2529 -5738
-5890 5430
6444 -8395
-2273 -8466
5485 2563
-7099 5116
7006 -4646
-256 -7345
-4345 8407
663 1440
-4638 3779
6518 3686
-6456 -1652
8559 -6062
-8254 -3915
9139 -783
4068 -3031
-1633 511
-1426 9815
2046 -2220
2377 8668
-7105 -617
-2258 2639
2038 3397
1046 -3578
-1442 -9872
-6079 -4925
3814 -2535
7144 6093
5124 8890
-4102 4262
1828 9966
-5049 -6085
477 3526
-6270 -3757
-8695 6107
-5090 -2079
-790 2652
-9441 -5031
-230 5326
5112 8328
9175 9033
-6598 6709
218 -9454
2801 -4659
-6844 8699
-6677 8705
-7615 -1726
-7380 2862
-4480 71
9105 -3175
-3823 -2265
8467 9109
-9614 -7253
-2202 3877
8073 -7091
2204 -9032
-8059 9328
7677 2159
-6406 4199
-8780 471
2897 -5457
2897 5282
6538 5517
1864 -7942
-4413 968
-1117 5485
-7577 1071
8314 -7190
3818 -3889
-9593 1890
-980 2612
6579 4682
5660 4256
561 -7026
-1546 1781
3445 -4929
-9956 -3659
-5926 6583
-4422 5938
8641 4886
627 1244
4092 3050
-7686 2405
9581 6132
-7763 9989
1743 4978
6321 -1679
-340 1980
-3703 -9780
4954 4751
5723 2119
-6457 5767
8461 -2383
6070 -2241
-2725 4710
-7355 7902
-325 -9543
4673 1989
6583 4253
1842 8820
7962 -6416
3798 4282
5626 -2822
-18 -8077
1119 -1344
-9606 -3159
-9225 -6063
-3671 -7044
1554 -7602
715 8830
-9171 7081
-9549 4225
7538 5124
-3787 4121
3098 -8225
6661 1059
-920 458
-938 -5294
7636 -7236
350 -1245
1421 744
9317 5917
4682 -4355
8873 -44
1765 3308
-1215 6315
4110 2958
539 1647
-1919 -9528
-512 -5101
-7752 -130
9680 1328
-5952 -1259
9755 -8316
5226 104
4160 -3354
-9152 7197
-7438 9251
-3437 -4845
-794 8328
8464 -8288
8363 2573
4670 -1099
-2060 -3529
3094 -8851
1371 9063
1019 1050
4112 8788
-6489 3866
-9529 8737
-2309 8352
-896 2260
5549 1666
1510 -7889
6822 -5564
-5841 9006
-3852 -7479
5299 -9183
5143 -6762
-2711 1957
-1892 -7620
1020 -7153
3430 -4869
-8365 -9339
-7283 -4173
9398 4129
-5821 2222
-3612 -6552
-6112 7898
-720 -5570
-7666 3439
-2844 2203
9681 -7546
3021 8544
-587 -5970
500 7522
-3590 -4760
-5911 -6440
371 -4276
-5779 6810
1552 -2661
938 9452
9562 7327
-7101 -2830
8945 2179
5321 -5001
-662 -7524
7203 -982
-1349 3944
1282 8064
-8306 -8219
9306 1825
-2978 -6605
9106 -8887
-881 -2953
-8357 -5609
8107 2582
-6158 -8612
3629 462
-1442 6294
-3639 -2401
-8707 9420
3796 -7784
-1563 -7554
9881 -6561
-5769 -4705
-4779 -2743
7120 5964
652 9946
7077 -6508
-3008 8721
1604 -4902
5023 9168
-3513 2372
-371 8766
-1335 9712
86 3679
9131 -6119
9616 1289
49 9496
4728 8001
-1489 -6331
-4743 -649
9633 9631
-704 6710
-3157 -9992
9151 8447
-4893 7894
-8666 5315
265 4685
7801 8930
4396 -2114
2609 7247
5489 2224
-1465 -742
5441 -3016
-2742 -6049
653 6236
3303 286
9587 -3681
716 -3571
-3672 -134
-1403 1435
-2241 -69
470 8024
-5385 1991
-9327 -7269
9878 3282
9979 9087
-773 2234
-1656 -5333
9218 9323
2339 -129
9279 -638
-6123 -7414
5682 4593
2736 -7991
-1821 -4947
3444 5938
4985 -2366
7682 -6680
9625 -7925
-227 -6778
5358 3472
-7692 -1695
-4295 4373
6693 -5077
7416 -969
8515 -9585
8394 -7609
-6999 4075
-9296 5737
6084 -1117
-5489 3248
-1459 9496
-5398 -57
-3464 -5774
2018 -9971
1170 1096
3501 7199
9401 9207
5293 9814
-2150 2708
-1155 85
6844 959
6197 -6435
-1246 6901
-6977 -1442
-4217 -2466
-4474 8045
750 128
-2013 7286
8075 -9996
-8964 -756
4822 4537
-3557 7943
7464 -8265
7757 -966
8164 322
9119 5008
-8720 5315
-7707 34
5936 -4684
-7688 -4561
2850 -2162
-6517 -6401
7966 5191
-5394 9761
8917 -4358
-995 3738
-6101 9169
1680 -8637
-5376 -564
4118 -7213
9758 3237
-8485 -5242
2272 -6191
4792 1929
2846 -9176
7368 -4304
-1338 -5428
-705 348
9763 3901
109 8679
9543 -7166
2416 -6558
-7998 -5904
-1474 347
7253 -7357
6855 7011
9601 -7909
-8232 5594
-4100 -9719
-2478 8746
-8895 -5111
-1838 3489
3182 7458
-6164 2945
1358 7666
1623 4622
-9501 -2240
-8216 -3778
5577 4031
-9711 2829
6674 7145
3560 9996
9236 9050
5589 -1144
9331 -6890
1322 -5844
1720 9485
-8635 -5098
6942 -1077
-8433 2020
-3412 6911
362 809
-5330 2146
-9249 -9754
-3824 -8959
6797 -3429
8186 356
-3434 -8859
-595 -7846
-3 2456
-1015 -8682
-9667 -5575
-9198 -8302
-673 -8536
621 4615
3485 -9070
1526 -6154
5460 6196
9714 6211
-9837 -4111
-9028 -9320
6181 -7122
1036 -3533
-5981 -5838
2342 7737
-9662 -8674
9056 -9329
-4248 -6422
-3909 8800
-4957 -9568
3415 8528
-8638 -5060
-3906 6822
-5144 -4193
6754 -4981
5418 -8554
-4301 5319
-5675 -9544
-8214 2065
-1661 4128
-198 2398
5455 2578
6791 -5073
6156 -7119
-2553 -8802
-6687 -9139
-6554 -5324
-478 -459
-4782 4379
9069 -4308
-6882 8207
-2861 2539
3526 5185
6716 5312
970 -1225
-561 -9229
-8828 -1386
7070 7963
7262 3226
-5436 -5291
4424 -2122
-4430 -8409
6275 8814
4853 -4787
6913 3921
906 -9970
2128 -8235
6290 -4347
6950 3005
-5315 1640
-8221 7845
6133 -3327
-3541 3202
-1644 -6280
-3573 2921
-1571 -5428
-9202 7721
-3837 7073
-9746 -8985
-3994 7167
8657 6912
7197 4505
8677 7208
-6122 9347
212 -1437
4708 5713
-3592 840
-3894 6588
-5959 4462
-9693 4190
-2618 2458
-7518 1901
3899 2366
2694 4153
3381 8701
5040 5758
5612 5957
263 8010
3164 7862
-8924 -6624
-3575 9505
-7191 6554
344 -1085
3141 8107
-2903 7169
6017 4480
3347 8499
101 966
864 -7205
-1161 -2035
-8505 -6122
-6278 -9173
9836 7706
-7443 2999
5568 -6366
-9905 -4287
-3141 -3375
-4013 7204
9261 -7152
9031 -3642
-6263 5047
-5442 7085
3545 4659
1771 -5592
7454 -9390
6094 -7331
-1791 -6464
-6503 1765
-5037 -3946
-1515 -5749
3409 -1420
-36 -9732
8927 9672
-8808 8187
-7481 -9778
-1735 -3744
5269 2823
-2939 -1187
1203 8833
6942 2377
-6837 6756
5047 5093
-9709 -7736
-3142 -4746
-1682 9064
3226 -4552
1364 -3090
-563 290
-3419 629
2198 -900
851 -9538
9078 -3881
7007 -3862
8653 1930
-1309 9315
-5694 5575
9791 -6927
668 -9919
-942 -8754
-943 7377
-9691 -7718
-3455 1673
-807 5982
-4316 9495
-3390 7882
-1405 7461
8344 -2328
-2700 9071
7531 -327
1000 -3778
-1013 5307
-4483 -1223
-7900 6185
2579 1159
7431 -4644
2256 -8540
1360 8801
3134 -9448
8503 8818
-9954 -4888
-9581 2362
-3707 8763
-6246 7314
7834 -4994
-3014 -1167
4949 9694
-2140 -9535
2191 3682
6651 -1510
-5160 7802
3847 -9184
9263 -1073
-6663 6117
-521 -8161
8655 3246
672 9074
-671 -9315
-8444 6804
7999 9390
-8191 -1295
1944 6758
2119 -6476
-9056 -1970
7206 7595
6520 -4234
9117 4087
-3418 -7901
-6987 -81
-8064 6213
5479 -9410
3180 -3850
-6616 -3771
556 -5059
-6968 2275
-1949 -1437
-9021 -6285
-4680 6819
-2760 -15
-5152 -1834
-2421 -4911
3933 417
-7104 -9486
2516 -4090
4155 8174
-4157 3354
-7516 9023
-6775 -4131
-4749 3781
4531 2005
-3944 -7419
-9433 756
18 -392
1296 7258
9594 6144
-4577 893
-5047 -6924
-8691 -2150
-2688 7547
3760 -8534
5720 -6677
8541 8204
-7654 -8235
-2207 1318
5547 -7677
-2957 -4677
-1374 -2390
9800 8644
-9061 1095
9622 -9468
960 -1235
1425 5913
1842 6456
-6238 9154
7723 -8758
-5660 7163
-5434 -7120
9087 633
-1633 -3120
-4329 -2366
2924 6436
2957 -4730
-5955 6477
-2366 -5016
1293 -2745
-763 -7748
6021 -5617
-8115 1583
-9162 -631
4457 -7719
611 8797
9444 8898
-4603 8530
3251 3764
-870 -7357
-4882 -4225
9079 -8205
1045 -3156
8273 8680
5550 -435
-345 -5214
5538 -604
-831 7423
-9022 3728
-3209 9156
6009 -8877
-8328 5452
-6259 -2930
7703 6993
-5446 553
-6644 -327
-9952 -7566
5189 1094
2999 3461
3494 -1452
-6975 -6852
3335 -7717
2545 -7497
9707 7244
6232 -3503
6400 2240
-2380 -8208
1413 1362
-1138 2836
2075 7138
-2891 9152
531 -2842
-8415 -4281
8252 8305
-7099 5466
-3147 -353
8614 -9813
1931 4879
-3589 1637
5844 -3637
8134 5964
8604 -525
7756 3737
-5443 339
293 -9648
1197 7402
9504 -4552
-5441 -5191
1167 -3469
-6887 4068
-8004 -34
-2564 -5669
3874 9367
-7070 -9715
1003 -7506
-3352 2857
-7822 -1028
-3948 9935
-3571 4330
3994 6722
4682 -4810
7845 7906
638 -3876
-7286 -4475
2656 -451
-6686 8373
-6765 750
-3576 7110
116 3076
-8885 -5161
5570 1484
-8584 7749
-5823 -2531
-8597 606
-8202 9118
1049 -9799
-1972 -1107
-8173 -7614
5017 -5458
-2089 1393
7812 4946
-234 -8954
-584 9911
-8124 -6748
2986 -3288
-1909 -1444
8197 3229
25 -3906
-9303 5149
6700 -3784
4266 -2252
138 -7707
-9639 1966
-5321 9100
-9772 6311
492 8040
4978 -6022
-7194 -5607
-6111 -1596
-2354 6875
8837 9458
-849 7033
2686 -7104
-6874 7104
8045 -6453
-2959 6031
5016 7179
-7956 5378
2865 -3277
8198 3093
-3245 -1311
4853 -8268
2668 -8620
-154 -9723
3505 -8788
7152 2341
-9330 24
3095 7077
2920 9942
4181 4686
-6512 -8779
716 -7775
-7880 2761
-8677 4986
-6796 9521
-1922 3680
-1791 -3348
9133 -5403
-1968 -1021
-5126 -4743
191 -7974
7598 4582
5771 692
1659 2411
634 -4161
-2904 7843
781 -8467
-9933 2901
8015 -8610
-2114 -8782
-9090 9686
8620 2841
-3663 7752
7438 8090
451 -7688
-6654 -5637
-1941 -9057
-7335 -2450
5357 4324
9961 -4010
-6117 778
-6168 4664
2311 -2379
-2435 325
-989 9172
5264 3643
8857 7604
