50
-80743 -94794
6313 -17357
-24597 68131
59294 -15825
-67046 -78476
-6548 -91007
-78228 -69197
-60444 -35827
16682 -50547
85732 48702
-17970 47210
-91299 -51718
81892 50579
56088 -30963
56879 44708
-91248 3225
49914 -57846
85868 -74684
-89716 45162
-63419 70328
-6225 -42878
79321 -57364
-12075 45966
6810 -95394
95420 -80370
53308 -22551
-6071 -10902
25731 -97091
-60323 -91093
-28053 23645
53616 -92212
-73130 -69382
-50058 39827
83025 87316
-87923 -80395
57644 5853
-23273 -35947
48489 64652
-89981 82388
-3653 -94562
29107 76744
-17113 -76965
-34159 35707
-74055 -67393
44615 -75019
56253 -74681
-67231 10212
-44063 -17289
-49962 -61039
-29974 89206
1000
7065 6900
-7054 827
-3266 -5021
-6555 -7199
-2245 6198
-7434 -8401
3497 -188
-7987 -5882
-396 -7634
4747 1498
-3239 7476
6738 -9271
-4427 -9449
9292 2386
-5893 7462
8847 -8828
8083 -4487
5720 -5184
492 -7114
1338 -8033
9084 3904
-6433 6302
-2564 -4420
-9581 7040
-2054 8887
2259 8428
6363 2717
9157 -4344
3268 -7832
-8238 7376
9630 -9392
8548 -8568
-158 7988
-31 -9666
-9127 -8694
-7699 -6322
5210 -411
9980 -3634
8890 -5881
-6594 556
-3274 9386
-1017 -3191
2102 1860
2466 -4630
4028 7949
-3534 7379
-7722 -1266
8811 2120
-3279 -1220
2454 -2405
86 8477
4994 -983
-1935 4973
5383 -3045
-7188 -7491
7511 -462
-4385 215
-9932 7718
-4205 6255
-3192 9824
4203 3274
-9078 6481
-4272 -6547
-1399 2449
5954 -8946
-6236 -239
-6749 8758
-7502 1317
7451 7881
-8008 -6017
-5889 -6777
7243 -274
7159 7311
1164 -7046
3565 -8308
-3502 1488
8687 -2580
-2031 -5586
4594 -9710
-9416 548
-4935 -5652
-9692 -1683
-3173 -7194
-6646 -2002
-5593 -933
1982 2239
2290 2945
-4314 3170
255 6850
6124 -2460
-7737 -7379
-7252 -9051
3762 717
-4636 2076
4728 -4052
-7377 9794
4017 -3348
-1890 -5436
-542 1464
2563 7587
-5749 -1735
-175 6541
-5070 9232
-290 5185
9803 -446
-3555 -7935
5896 -807
-6986 3378
-6369 2099
-4546 8359
-8233 -1923
-8128 5785
8451 -18
-5931 1629
-4834 -9648
-785 -583
2338 -7239
-321 7268
-8008 -6891
6173 -8206
6385 -3662
-6141 2280
9253 595
-4342 -7117
-7307 1112
-5038 -5539
-7091 -3165
-6034 -4920
-9463 1756
6710 -4296
2109 -355
8842 -1833
6127 2241
-4565 8120
9072 -8393
-6366 5456
-2054 1215
-2265 -2802
-4470 7114
3802 -1777
-1775 -7516
6405 4856
-681 -5909
9936 3578
5848 -9635
-6998 1677
11 -8157
9844 -3863
7806 -1001
-2023 6877
4328 5333
2332 -7727
268 -9934
3192 5798
7181 714
-2259 -874
3198 -5854
-2298 -3762
1958 1359
9816 1526
1724 -7183
-6798 -4545
-1619 -3233
1593 -3814
5766 -6710
-6938 93
8623 9115
6087 -1110
-7098 2999
-1592 -6197
-2567 6150
2929 -5648
-9705 -5648
590 5974
5711 4126
-2500 1155
-9337 702
6611 2765
-8811 1924
8952 6956
8935 -4266
769 7558
-5151 577
168 1472
-6425 8577
5275 4730
4726 1924
9082 8742
6276 3392
4715 5707
-2483 -7786
-3138 1901
6638 -2807
-5335 7827
-7163 -2663
8503 -8229
3072 2993
-6951 -8359
-6431 3218
3113 865
5515 2108
-4406 3961
-5969 -1604
6423 -5972
-8213 1137
9735 3025
7073 317
-5075 7431
-8770 3312
8978 -5933
-9352 7481
-4161 7441
4194 -1112
9082 7763
-4174 5915
2348 -4939
1743 -8337
9022 5775
59 5444
9803 1847
302 -6743
-5129 1095
7296 3518
-1475 8526
-3171 -2498
-7407 -2523
-1297 2153
-5082 -3383
-5239 -2280
-5621 4309
-2644 -9552
9370 9099
-7889 8392
8594 2170
7556 -7884
-2263 -2143
-4626 6330
8952 -7331
-153 1197
-5085 -9604
-7580 1229
1594 4844
-6619 -9768
-8539 1864
1674 -439
-3828 9030
9 -4459
-8152 2120
-2347 -9558
-1989 -4791
-7442 5748
3066 1653
2077 5739
8043 -4356
-3065 -7042
-3960 -645
4187 7635
-5801 7569
-8413 -619
3153 3261
8942 9325
2290 -1049
-1414 7860
-5209 6240
-7978 2802
-8552 -1699
-1450 8235
9955 -5653
3973 7997
-8 -5371
-9046 9753
7705 5142
-8893 -8097
6431 -7305
5005 -417
5956 3947
2628 1967
-7103 -8787
3547 -2312
-8827 5569
-5789 -7379
-6131 2761
-9144 -2456
-9172 8550
-738 4541
-6822 3937
4294 -9117
2799 9122
-3493 2950
-4463 -8488
-7468 -8507
5459 8881
7181 -7924
-6185 727
3485 -5012
16 7696
-2390 3885
4177 2187
-4850 8727
736 4412
3267 3915
-1652 1281
8519 -5132
403 -4975
7818 5940
258 -5929
-8847 -4284
-7049 -7946
1513 -3234
2781 -1281
5476 -7204
135 -6915
-9598 -1967
8993 -727
-3241 3449
-6316 -9975
1084 5753
1307 -398
-5659 -4570
4628 -7841
-4910 -5115
-3770 -3756
4323 2902
-1702 -444
9669 -5200
-8005 8865
1317 2131
-4330 5440
-6116 -5338
-5288 643
8111 2117
4389 -805
1591 -584
-7483 5932
4846 7145
8091 -6343
-4249 -5680
-99 -6206
7223 -8081
3350 -9389
440 9067
-6804 -4522
1197 -1134
-9083 5081
3528 -4370
-556 5359
-8533 -6168
-1726 3058
6970 792
-1010 5536
1657 801
9193 7408
8843 2814
-5078 9786
8455 -8007
-9604 -1106
-8941 -6408
4372 2256
6179 5290
1057 3427
-5360 -9500
-1215 -3893
-1947 -9220
-7114 -4978
1572 5597
-9442 -6772
-3603 -6529
-5643 -1040
6286 -721
-1255 4740
1272 -859
-6367 2331
6454 -8274
-1693 6353
-9264 -6916
-221 -4624
-2695 8565
5204 5359
9345 -8190
-5899 4637
7407 -1620
-8415 -2475
1852 -4058
6485 -1863
8943 -4770
-7124 3935
8092 230
-3734 8267
1956 8294
4619 6413
-8622 -5602
-4491 2404
-3317 -9287
-2238 -252
-3756 5585
-5616 -2628
-6036 -4031
4897 5816
5633 5102
-2327 4575
-5948 4270
-1491 -4135
-5500 8496
-5869 -9824
-9490 -7530
-9690 -8112
-3132 -4181
4292 7272
253 -4225
-2981 6498
-4920 5124
-6131 -956
-8907 -7514
-1419 -9554
7588 9975
5021 -4639
4245 -2750
1226 -7535
-533 5357
-3638 -23
7827 -3328
5586 -1584
2492 -123
-4313 -7256
9373 6428
9242 -5548
1551 -3169
7218 6365
-683 -481
6811 626
-507 5552
5987 -2542
-7198 933
-77 2269
-3711 -9994
-7755 -2164
-3322 7831
9973 -7110
1428 -619
-4365 4522
-4192 -1403
-7306 -8921
5429 -6368
7445 -1534
3151 4255
-7188 -3635
-193 -7481
3823 6330
3452 -2533
2319 -6539
-2527 8285
5019 7872
6115 4991
-9238 1263
-1908 -3603
-495 3900
8715 2200
8701 7864
5832 6145
-3670 2704
4120 -858
9069 -6074
5383 6612
-6024 -1166
-5922 -9985
2296 5272
8300 -2686
3144 8135
-3975 3906
-602 4118
-5977 -7377
1738 -7263
4823 438
-9399 4376
-3418 652
-2921 -9298
-6486 -132
-1651 8897
200 6047
-2269 4279
6062 -6253
3271 4362
4782 -3586
2496 -9194
-5960 -4386
8645 -1937
-1762 383
4522 -3219
-5459 8844
-8844 4845
-505 1956
9268 6730
-4456 -2384
5627 5745
-2617 -2922
3744 -6555
4546 -2986
-8473 -673
7150 7744
3854 -8811
-6642 2499
2974 5317
-3398 1216
-7903 1143
59 -3025
-4013 -6726
-7349 -4746
-9997 -1804
6592 9351
-6060 -6026
149 7684
1140 -5306
-1582 6388
4021 -4433
4132 -2125
-3243 -8790
-9627 9731
-9753 696
946 -3935
-8162 -5275
3040 1547
-2001 5692
6801 1723
-6113 7113
4795 1548
-5192 -5057
2952 9669
-362 -8631
6057 -2621
-3063 3909
5254 7415
8840 9348
7145 9087
43 1811
-4849 5603
-9744 8192
-2851 1976
7604 -2330
-6302 -4789
-5217 -7787
6759 -409
-2843 3431
-741 -9485
4800 -964
-2106 -8264
-7056 -3131
-7129 -8217
-63 -9985
-5410 -6299
5547 -258
9304 5803
1654 173
1499 2978
7843 5198
8189 -7375
-8869 8668
5937 -1712
2098 -1083
2524 618
7953 -5861
6076 -5382
1008 8947
-3599 -5335
8963 4713
2087 8230
-1825 5111
7754 -6451
-4717 -748
6527 -3153
-1830 8436
3193 -698
7103 -870
-8690 2921
8047 3835
-6462 9720
7974 9614
-5663 2702
8561 4460
-8913 -8757
-828 3175
-6807 7347
-1715 -9054
-5384 7290
3920 -8858
-5864 -7911
9578 7329
5112 -9600
179 6423
7042 1946
257 -9421
1666 1951
-6086 6003
-5348 -7526
4183 -540
-2562 -2925
-7366 631
-5579 920
5299 2758
-1791 -782
3900 6066
5028 7198
3394 140
-8682 -6427
283 8360
5519 -9461
-7340 905
6211 -3426
629 -5417
2769 -5189
4043 -9794
1887 6678
837 -9972
1318 -3865
2787 -6753
9074 407
9313 4102
-2395 6427
-5759 2644
-6280 8245
1004 9240
-7496 3664
3865 8715
-6042 -5507
-6703 6727
-695 -8940
6933 -5088
-8542 1490
-1339 6497
7626 -8553
9744 6699
1855 -7224
4521 -6820
-7076 -7518
5824 -3356
-9274 548
-396 -6770
-2068 -6531
-8056 1890
-2038 -1038
2337 -9013
3744 -731
-380 5202
-9241 8282
1699 -7895
-6551 5163
-7476 5304
7940 7046
-7796 -5416
9528 -8251
1228 -9746
2297 -9168
-6516 -6050
-5699 -850
5840 5984
8112 1898
-9308 1855
-8834 4033
778 -4354
2314 -7524
-2249 5764
-8641 276
4788 -6981
1042 -9287
-2397 569
-7538 8832
823 4759
-6616 4308
8709 1406
-2822 8270
-2611 -990
167 1802
-9135 5054
-4165 5364
-5579 -8131
-8440 5893
-8647 -7081
-111 6142
-4061 -9070
6855 7263
1500 9317
6094 -7678
7796 9478
-9650 -9775
883 -2472
-7785 -8007
6539 6103
7516 -8876
4877 -2929
-9792 9298
-1059 -8232
8912 294
-1592 -1200
156 8068
-269 731
5331 -8770
3768 1424
-2727 1564
4623 1345
5510 -774
-7407 -8555
4940 -7148
7548 2456
-2303 6145
-6753 -2095
5443 2188
3394 8075
-3797 -8198
-3126 -9921
9870 6605
811 5200
-8445 -5422
345 2550
9863 -1312
-2385 9093
7914 208
-9463 2854
6782 -8195
-970 -5522
7951 2277
2384 7114
-1814 -502
5188 8110
1300 -4218
8189 4891
-3892 2720
90 -2337
7299 -5845
-6067 -9119
2843 1548
9975 757
-4523 -5768
-2669 -7742
-241 -9919
457 1430
6079 -3439
-1457 -2015
6060 -2549
-185 -2641
3233 -1996
-4030 9341
-9277 9782
725 -8258
-6064 8379
-3655 6780
3648 -3681
1257 9125
4272 -7692
-4897 -5970
-3890 5560
5460 -4091
-7879 -2277
3895 8181
8895 -6291
-740 5849
5434 5231
8910 9879
8733 -366
-8380 -7332
1734 -2035
-6832 -4619
8005 4425
-5495 5998
-9547 3329
-9973 -3437
-1112 9209
6194 4730
-3069 3809
6631 -453
-8762 -4109
-4605 6673
-5158 -5696
6551 -6426
7660 -8109
-37 -607
3578 3132
8495 5303
1277 -3280
1300 1731
-9952 5049
-7986 2657
4257 8208
-2613 -5092
2016 -5983
4455 3255
3629 -6430
3648 -7809
-2125 3919
-514 -745
9531 9450
8648 6829
6302 7142
2132 -2422
-6139 -2848
9309 -2370
-7800 -4956
-9714 -9823
-3028 -2327
-1193 8989
5412 -3018
5964 -960
553 3332
1232 -7852
-2750 -5562
1403 501
-6113 3771
-2670 -9812
912 9462
1488 8494
334 796
-3877 6256
9561 -3591
-9847 -3467
7804 -1040
-758 3215
9664 -1074
-4025 3937
-7743 -9073
6085 3228
-4634 -2513
-6272 2974
-8743 1058
6884 5890
4240 -1629
8104 -1705
-7113 -5774
-5450 -7552
4356 -5297
-1019 5880
7385 8223
-906 7048
-2852 5070
4705 3126
9718 789
-3647 -4917
-8004 3802
-8222 -3026
-1419 8662
-7137 -3459
-2968 -5313
4836 3640
-1087 9386
6088 -3011
-2190 -1211
-7131 -1085
-2989 5684
-317 7880
4474 -5613
4726 4192
5176 -8922
-7005 -9108
8602 -5227
-2134 -2818
-6566 4450
3723 4187
9137 2280
-2173 1770
1665 -2365
8759 -6805
6425 -4652
2110 -2844
-8968 -8208
-1243 9227
-3821 -6518
3418 -4925
-1718 6414
-4033 -3117
-5093 7554
4065 -1658
2003 1508
-7472 1139
-6213 4076
-7092 9174
-8289 -4612
-3911 8136
736 8200
-988 5489
-6288 7769
4716 3613
-8749 1854
-7592 -467
1988 2097
6416 6896
-350 4201
-1042 -8347
-571 5207
6513 6938
-717 -6858
6111 4715
2251 -4080
6571 -3293
-2160 -4418
-4083 1553
-6649 -5647
-1114 -5398
6207 1294
7856 1916
-6610 4271
2532 3041
2192 -8511
8415 -8380
6696 8648
8558 -301
-4490 8389
-1866 7761
-5691 -5296
-1811 2149
287 4106
-2578 7359
8459 6308
-4319 8386
1323 -6464
301 4713
-8473 -7168
1474 3719
-1958 3609
9060 -1541
2257 -8662
8158 -8513
-6553 -3708
-7031 1477
4717 1158
-2653 -4997
-4737 4769
-7639 -2558
4798 1763
-4173 -3880
5299 9850
-5447 6826
-3598 6028
4265 4445
-364 7046
-7097 -4387
8384 -5219
-2899 -4449
4794 70
7029 -489
-5052 -1904
8235 3932
-3415 -5683
-8627 -8618
6080 921
1223 1379
770 5777
1925 -9107
1804 -3810
5338 -4840
-6765 -8039
774 -4661
-3258 -8405
4611 -4743
5386 5360
4768 -9667
-6545 6723
4265 41
-8961 9359
5144 7120
4000 -3633
2219 -1509
-4136 -5857
-616 -8612
4054 -1558
-3452 7289
403 -8958
-3652 -9135
-7363 -5320
-3878 8023
-9961 -5390
8356 -6505
-8667 6341
7257 -7628
9420 6121
-6788 3420
-7513 5431
-8090 -1649
9575 5015
3460 3628
-6544 -9992
4638 3859
-8950 -5294
4724 -6312
-614 -5433
-4569 3147
-823 -2492
-9638 510
-2431 -8661
2883 -3011
7460 6095
-5871 9948
1526 -3961
2019 4821
-8947 -4521
2169 -1770
-792 527
-7912 258
8955 -9468
7667 -1660
-4901 -3181
-4793 4277
4327 -4431
-5214 -8105
