50
-63456 -59710
45493 -27228
-63550 -69545
-55312 -81389
-34432 91108
-83411 -1791
-78126 -4131
-61545 -10448
68951 34121
60684 53520
47326 -26098
11167 -96043
61858 9978
4539 99316
-53753 2458
41424 -17209
-30163 -13083
55563 6287
17372 27341
24898 82941
-54463 41488
-91762 -32588
64446 -53307
56964 -39514
80814 -55263
41095 28139
18639 -47739
32097 -19504
-10671 63725
-20188 35576
-33818 -78765
45457 36019
-64759 -71892
69395 -20297
55449 -78618
-37357 -99014
-10041 97971
-31602 81494
-55337 52451
69069 -74524
97188 10164
53616 15826
-10486 -87199
96323 5932
3615 -96777
-58492 -3113
51548 86965
59995 86790
-84928 29390
-33508 -2389
1000
7089 6870
-6236 4541
4444 5955
-3322 -9066
-3590 -3683
-5048 5649
1188 -5151
-5343 7615
7830 3607
-9452 7043
-9349 3737
50 5823
287 -2960
2471 4071
-7691 5774
-2817 -6882
6364 4668
7659 4528
4343 -1942
9183 -9247
8096 -5866
-9878 -717
-1016 -5221
-3103 534
-7893 1166
1297 -7242
-5098 -8654
-7699 5189
-1613 4772
2981 696
4266 -6116
7536 4350
8553 8915
-1123 6616
-3028 -1941
-8911 -1212
5915 -8789
8071 -5102
-288 -1311
5432 1819
-6425 -3271
8298 -1522
-1925 -5680
-2613 6462
-7188 -5912
879 7079
-2027 -1586
5149 -3475
1049 -2253
-3139 8022
9527 -2049
530 5441
2883 -1399
-9662 -7406
-8990 9492
8134 -1694
-3780 -9848
6784 8016
-5528 -2108
8199 -2716
1980 -923
-1917 9953
-8789 -3047
198 2260
4700 -9220
4002 4226
-1269 -5468
-333 -8387
6854 5
-2071 -8416
3217 -217
-110 9437
-65 -3326
-8827 8128
8287 9372
-4588 3987
2169 7216
7661 3380
-5832 1579
-4361 8868
2359 -6638
6815 -5190
-2106 -3519
145 -5253
-9794 -8206
52 3424
1577 9942
6581 -4767
336 7754
-6640 -1378
-9155 2493
-3670 3014
3430 -6010
-3607 7598
9290 5754
-9814 1649
-7164 7001
-9821 730
-2798 324
9198 -2592
2118 -751
-5448 -6305
2911 -5146
2649 -6753
-7393 9730
5590 -2826
2223 -8081
-9813 -627
-370 302
691 -1080
-224 877
-5711 2612
1598 -5532
-2938 8800
4793 -20
-71 631
-7051 4481
4326 5860
9335 695
9107 -4337
425 4697
6558 -3632
-9664 6745
5741 -33
767 -3569
8887 -9458
-8971 -6825
6875 2627
-2357 -2343
5148 -3844
-8643 -4924
6788 -5694
-6723 4834
-6113 -3667
-4471 -3286
5717 5954
-4869 2274
-3958 -4532
2739 -8218
5435 -6494
1934 8042
-2231 2963
-8784 -1635
-689 2580
6022 -5542
8737 7380
3255 5524
-4594 -9748
4078 -707
306 9607
9729 -3978
9281 -5141
-7984 -4678
327 8477
825 -518
-4297 -3520
-2477 3472
9443 2460
-4443 -1247
-4960 -4700
6932 -6224
-3600 3907
-6980 1806
4160 7098
-5180 -5535
-9575 -5452
4209 9706
3128 6225
-1251 -2824
4701 -6706
6658 -9597
-226 -2098
7597 -783
-9639 -6847
-8310 -878
-1547 -7657
6619 8574
6250 -6641
380 409
-9543 8921
8596 -5397
-2811 2804
-5692 -9684
-972 6778
-2508 -2550
-9928 -2129
1574 -154
9494 2891
-7217 -6425
9766 -1805
2698 1939
538 -684
513 508
2676 -9108
-9083 6854
-6467 9513
-8544 722
6037 -515
1038 -1215
-3737 -7749
9956 56
3843 1530
-6378 3336
-5580 -3594
6911 -2094
8322 -392
9846 2580
-7355 358
-6913 9042
4971 -2275
5895 8504
958 -8929
2946 -3006
556 -6017
5780 -9461
-45 5735
595 -6203
985 7939
-9147 9127
-1935 -8515
-2968 -3614
1093 -3123
8966 7459
-9045 -4227
6500 5926
3499 6115
8150 -5544
7186 1095
1451 -2258
8800 951
2002 -1246
406 -7403
6273 -8609
-5744 -9154
-9483 2321
-7669 1270
8707 7146
-8132 -8608
4604 -7177
-2835 4825
8750 -9337
939 -9381
-4880 -1875
1715 -9709
9588 514
4963 1589
-7012 -4632
7907 9261
-3241 -7838
-6172 997
4483 -3841
-7733 3189
-6696 -2144
4581 7909
679 -8254
2733 3149
-3870 -6329
3769 4971
5517 -796
5262 5104
9718 224
-3307 -7295
9314 -5401
-4313 -207
-3238 -485
-9210 -5035
9395 -3222
8155 -7301
4634 6456
-9393 -967
-8078 7061
-7818 -1947
-5548 9672
-3256 9970
-1125 -7994
5073 -1408
5951 -8235
5018 8985
86 -5575
-1222 -9432
7661 -432
-4467 7056
-9934 -2592
9755 8421
-6136 -5918
-2547 -493
-5137 3356
-8720 -685
3027 -1975
-716 -8099
3752 -1922
4214 3423
3564 2953
2408 -6351
7378 -8815
-5783 8760
4474 3472
9536 4540
-9121 9290
6681 -1536
-2908 -5867
7972 1955
7490 9252
-8731 4237
-2724 4275
6139 -8973
-7648 352
4451 5916
-6696 579
-6714 -5597
1764 1224
-6838 -3763
-5305 -7303
-5503 -4425
-4293 -8823
4039 6520
-969 2010
2195 241
4983 3464
-5522 -4021
1459 -9384
-2993 7532
4689 -4822
7169 -8286
5757 -9546
-3883 1241
1678 3000
7478 6374
9418 -4305
-4331 -1155
-3128 -6572
-4636 9624
9160 7559
-135 4142
4743 4343
-9880 -77
4959 848
-2546 3368
9747 -5378
5082 9224
-1203 -8802
464 -9525
4198 1662
-9431 7336
7357 -41
-3820 -2051
3387 1544
-2427 2546
2823 7438
408 -2434
1780 4250
-8791 459
-4903 -1337
-6174 -1435
7007 8909
-2212 -4197
-6173 8253
-3722 -8254
3635 568
9082 992
-5753 -4738
-7339 7635
-9474 234
3901 7071
1392 -1970
-1643 -3108
-7721 -434
7351 1097
8229 -5102
9662 8956
-2473 -2550
-5241 1354
-577 4758
3100 -3222
-4674 2182
7770 3294
-8836 -5848
928 -4589
4386 -1450
-3798 -501
6580 4559
6391 8859
-5876 3742
-45 -3926
-7640 3338
-4971 -113
-5492 3509
-8760 7652
-1733 8062
-5571 7314
243 -4080
607 5128
72 -4744
-5741 -1822
3806 462
7677 4106
-1259 4068
2964 6587
1530 -3361
-7340 7611
-6303 1410
-2503 -1795
-1360 2458
-4144 6907
519 4007
7941 -9239
9927 -1453
9610 3719
7524 -2410
-8104 1329
8052 -6706
-845 -3208
7362 -4161
-6622 2612
2479 -241
222 9897
-5110 7719
-1898 3530
176 7679
4157 -5584
1685 2097
-1102 5332
-5636 -1492
-950 -8112
6098 947
6938 7870
4241 -3907
-1618 5323
1932 5482
-2066 -1869
-4760 -8124
-1972 3851
-6685 9851
1101 7212
7529 -4743
-8373 -786
-8926 526
-5455 -4561
9034 7317
1048 8852
-1737 -2015
-9559 -3776
4078 -1177
-8454 -269
-5696 3201
7862 3266
5077 -4111
837 -7888
-4261 -8062
9324 -3011
916 -9049
9924 1991
1477 -1811
-8850 4231
-4495 2198
6803 7489
-9818 7244
-6288 7982
-213 -1021
-2288 7813
-7821 -706
4799 -9024
5184 -4365
-3191 -5357
1294 -3867
5353 -4069
-2916 5276
-8358 -7719
-6535 -3487
6512 2691
8711 7035
180 -7387
4278 3892
-5685 -2215
-7129 2027
-4403 -1229
-8679 -9605
3469 -9775
-248 -9723
-1411 -5234
131 -6058
4418 -9065
-7062 6060
-6784 124
-7428 -6552
-7185 -4997
-9518 2995
1338 8481
607 5653
-3734 3478
1401 5584
-4030 6443
9701 -6841
-9612 3173
-2843 -1023
7939 7289
6640 6078
8224 -6701
2137 -4839
3423 8431
-1391 9959
-2846 2813
2953 8492
1293 -6440
4145 -8721
-9242 -734
6864 449
-4292 6564
7329 -3904
-264 -5514
8794 1395
-4505 9155
-2528 -6282
-7547 -6670
-1121 9597
-8240 -8791
9556 -1086
4022 6229
1127 -965
9789 -4729
315 -5732
4537 899
8438 -6035
-2538 5767
3782 -9082
-9748 6296
6034 -4253
5450 -2773
3186 -8377
557 -4214
-5059 6038
-3005 -5504
-1328 -5263
-9276 9799
3772 -5766
-1210 -2193
2223 -2953
8706 660
1012 -112
-3574 -5207
4527 399
-5190 561
9867 -9741
7788 3053
-4396 -1656
-7441 545
-1898 3275
8762 6774
8012 9486
6573 5504
-2560 -4638
-6689 -6617
2410 -4263
4044 -2858
5626 -5810
5657 3873
8311 -9534
-5567 8177
-5554 -7780
4950 50
4285 7509
-9406 -7614
783 9356
-7119 2515
-7438 -6826
1740 3723
-1464 8772
7107 -5334
-5492 4871
5530 -6146
9061 1186
7728 7371
5373 -7840
9269 9819
-1898 4218
-131 -3893
5448 4184
2215 -3770
7261 8817
-7534 -6457
-8010 4206
-9014 4247
2977 8093
-7366 -8795
2963 8164
-4940 5745
3070 -3492
6836 -1558
2389 6104
-1740 -5789
322 -8151
4040 -4231
9755 -3746
5720 -9265
-4930 -8094
-5722 781
6112 -4736
-4973 2809
-2922 -2339
4015 -6239
-4176 -7205
9506 -7386
3024 6342
1056 -4588
6166 -6963
-376 -3513
-1393 -6337
5977 -1639
3638 5418
-904 -7572
7324 7095
3209 7157
-7641 8236
-35 3158
-382 -2300
6919 9163
4216 -9855
-8223 -2761
6487 2833
2652 2652
9591 -4004
-7140 -1802
-341 -7443
6559 -2983
7975 -624
-555 5299
-3530 -7347
2455 2550
-5391 -7581
-4293 4227
3841 -3653
3390 -1944
-3508 5167
5296 -3301
1720 1668
-6929 1311
7664 -348
-6771 -2678
2210 9788
8060 184
2884 -2496
-4518 9355
157 7937
1904 8487
-5923 -8668
2714 -8362
1400 -176
-306 7892
-1289 -1290
-1689 -9570
-9623 1382
5462 8041
-8966 8691
-917 6965
-7801 -2858
-2852 5083
8367 6352
4437 2244
8009 62
731 -7915
5115 -2835
-2556 -3486
6989 7139
-1874 -4301
-431 6437
-3871 -53
1539 -4688
1708 6294
-5998 -5488
3258 -3799
5375 -5873
-8716 3742
-9522 9442
-4015 8487
3224 6716
-5707 -1662
-6120 1737
8573 -5411
-1125 -3302
288 8445
-3145 -9862
2112 8395
-4550 -2460
4688 3173
2052 1667
9375 -2573
5794 -5621
-5111 6272
-6180 874
4758 -9235
1311 9051
-897 8912
4509 -2324
-6499 -6617
8095 3789
-4452 -5050
7648 -8620
-6656 -6903
-1079 -8248
6271 -9028
3419 9366
2120 -788
-6256 7009
-796 1285
1604 -6038
2050 -7086
-3267 -5126
-4454 -8759
6271 -953
-1654 4365
-3443 7615
9315 -5796
-7284 -3621
1023 1637
1853 1014
6330 -4729
379 -1550
8205 7844
-821 -2592
2849 -9218
5091 -1380
-2583 -4455
7215 2964
-3214 3485
-4269 8853
1570 2288
-9812 4606
-9787 -7096
-9016 1236
4541 2837
-4030 4591
-8171 -9931
-6960 -9967
-8367 5941
1162 4482
6723 -3747
-3178 -2139
1798 -5964
-9176 -7696
-8759 -3445
-5122 2812
-7436 -4934
-2583 -7223
-2030 2122
7734 -3769
-1320 -6297
-9179 509
-6228 -2417
4263 -4595
-2756 -855
-6393 -6034
5398 4151
1827 916
8187 6372
6942 -6851
-7073 -8181
5961 -788
606 -6623
1989 -7704
9220 3443
-1473 -2101
7146 3069
-7872 -5362
-5628 -9889
3764 1616
-743 -8909
9304 -1625
5242 4851
-6988 7150
4944 9954
-9702 -8409
-8228 9980
803 6099
-6644 -7209
8395 -3704
9955 642
4196 -9180
-2569 -9956
-4542 1804
-9844 -7058
-2860 3134
-2246 164
-8492 -3283
-1264 -5480
-6134 -6321
-5527 -2115
-4730 -34
-2136 6073
-3936 4941
-7416 -5542
-8764 -7462
8821 9153
-6642 -3748
9198 2537
8056 -6926
9200 -1084
6208 -3047
-7199 7716
3670 1537
-4043 -8744
5216 430
2862 -9515
-5883 -9275
6558 3902
5666 -7138
-7919 -9377
-4600 -9099
9776 -1242
-2847 -7307
-8706 -1071
-4233 -9507
7846 -4305
1167 -9354
-6589 -1442
2183 -632
-186 1119
-6482 -7324
1604 1356
-2878 1882
-4742 -7212
4744 -2661
-2868 -9857
1961 628
2622 9115
3322 7637
-1957 -7191
8130 -391
-1495 3017
3976 5637
-8426 -121
-1275 1389
-9003 2243
7786 6322
-6401 -5093
-1797 2578
1416 -3333
-6363 -7732
531 5598
2897 -6848
8433 -3782
-9212 -3524
2748 -7362
9806 -8748
5656 3782
-9391 7230
-2619 -666
2339 -1621
-8423 124
-1579 -1103
8753 6625
-4805 3889
-2988 -1168
6158 7544
-1850 -946
-9305 -3417
8993 -8516
6780 1740
-5878 -9695
6714 9778
4087 7323
-9272 -4811
-3343 3067
3568 1955
-3088 -8012
-5428 -615
-7667 -233
-6727 -654
-7681 9431
-3111 4190
2205 1305
-9228 1197
2789 -8728
-3342 -9368
-8422 -2908
-5870 9386
-1865 -5142
-5426 8513
-8354 -8138
467 -1442
-2428 8760
7943 -95
2247 -5064
-7029 4566
-1912 3581
-1244 -9708
-5114 3249
5211 -8605
4522 -4411
-7973 9821
2681 -3842
9206 -9185
4737 -6220
9329 6383
-637 3516
-1339 6935
2276 324
561 -1757
5261 3532
-3470 -6652
834 9007
-2639 5720
2255 -7429
7115 497
-1840 9143
317 -5439
-979 3244
-4623 -6243
7024 -1574
-6139 -3614
-8059 2522
-2958 7938
-7154 7603
-3819 -8173
1134 6432
-1104 -8033
5438 6257
-8593 1413
-7451 8523
-8090 709
-8615 5948
8992 4127
-809 -5632
-8396 -65
2794 -4535
-9958 8456
-8292 -2916
-9886 -5446
-1593 16
102 -6739
-3553 8998
-4771 -8116
5254 357
7018 7803
2600 8928
2233 3985
8597 1224
-1889 1508
9313 -284
-4836 5827
8902 -1073
4282 -9391
6011 4396
-1116 -5583
-5589 8986
-2322 4579
-8297 6628
6463 6958
706 3481
8481 -6695
6129 4434
-8989 8446
-622 -878
-46 -1310
-7442 8839
-5484 -4819
-2235 -7481
-4210 -2504
-9365 8396
5634 -1232
7381 -2968
-6654 9085
-2619 9810
9763 8087
7011 -8037
-8609 6860
-9882 -7598
5306 -504
5246 -1020
-8093 -8476
1539 144
-3295 9304
2663 6217
-3201 3299
4612 -3847
-7934 5713
3185 -4588
8518 -9435
-1058 8280
8652 -327
-6036 -6236
-3467 -5918
-113 -4441
3578 -1147
8260 9206
378 -202
-650 -9197
-899 -7988
7020 9621
9032 5352
-4227 -5182
1065 -7322
3952 -418
-6756 -3386
1583 -4384
6288 5547
3101 -3459
-6651 -7012
5821 -9353
1841 4080
9854 -4061
