50
-95215 22324
81963 22948
-30942 -61711
-64129 -11162
79538 1651
13960 95533
7886 27191
84220 -24231
-69689 55887
24797 -44635
-52572 -9992
-92212 9822
87877 22565
-69353 -70222
-47123 5308
84623 84752
-72368 66585
7699 -76221
31963 43571
-60293 11501
72311 -19244
-65878 -19804
-92053 -81659
55966 65348
74228 -92149
-79288 -78344
-75052 55591
-41433 -87176
-94756 -10785
69693 -41879
94523 54315
69962 49244
-52012 -22340
113 79951
48320 -33091
-81460 20631
47665 79752
27916 55612
98094 -16119
20960 -590
-81178 -31239
21066 -56230
51441 79634
83685 56685
95938 -19534
-85195 17549
-65220 11856
93883 -90143
89517 -78916
16897 37836
1000
2231 6837
9140 -3383
847 -7657
-2806 587
-5573 -1177
482 -9293
760 2917
-6726 -6759
-9187 -3215
-7601 1796
-3968 -5676
-2780 3375
3736 -177
7946 9519
-4881 -8224
-9475 7350
8613 -6615
-2313 -540
-4272 4881
-6233 156
-2576 7970
863 8185
887 4137
-8575 5421
-5358 -2455
938 674
5590 8158
-2231 3047
1701 -565
2565 6820
1212 6811
7890 -176
-9804 -703
-6996 -4076
-5822 -3228
9801 1602
-5259 664
3507 9349
-1479 8653
8491 3164
-81 -572
-2442 -4492
-2415 5328
-7725 9286
-5238 8562
9826 9695
5372 -8565
3240 9289
732 6244
-1066 8631
-3264 -1266
233 1478
-6882 -2540
4547 1640
-3887 6758
-1476 6032
-3815 6082
-4740 7491
1409 1257
-9504 9893
-182 -5958
9587 -1090
-4523 2826
-1801 9931
2791 -9147
8561 9527
3308 2514
4725 6427
9975 -728
1787 -192
-250 -9690
-440 5936
6392 8541
7147 1522
-203 -8636
5135 9615
-4594 4721
-1475 4605
1268 -9556
4535 -5942
-8703 3095
-6416 8326
-4391 -7970
4752 -696
1302 259
9112 -8949
569 2392
-9293 682
932 -8425
-7797 -9271
-7061 7338
-9657 -1655
5779 2589
-7051 -2954
3033 7484
4825 8051
4300 8410
6377 -6371
-9561 4849
2933 5462
-4892 5765
-9767 5677
1877 -5338
-3642 -7192
-3763 2282
-6463 -824
3340 -2398
-8759 -881
-9810 -5809
6165 6945
-4605 990
4995 -6585
3120 1371
-2956 7280
-3780 -6303
6462 1328
-6818 -9585
725 5059
-4923 -9196
-8412 5035
3086 -4875
-2069 -3574
6448 -827
5545 -9641
7085 5430
7304 -3800
140 2298
-384 -3020
-2610 -9620
-2020 7331
-5922 -5559
2379 981
-1422 -6897
-3960 3655
-2372 -2372
2411 -9286
6474 -9659
861 6643
-486 126
7002 319
-4445 4305
6520 9417
323 -144
117 -8567
236 8098
8764 8035
-3741 1142
-984 4837
7967 5056
2213 -4406
-3596 -5377
-3692 -3402
-5036 -9111
-6760 8200
1015 -6038
-1482 -9709
8267 -1242
9708 2311
8614 -176
3744 -1150
1642 2508
-3116 -8378
-2630 5900
6459 -4664
4676 -1329
4652 -5200
7015 -9041
1399 -4300
-4430 8360
-6101 6585
-7678 6138
6876 -5691
-5104 6583
-9660 -2770
128 4085
6080 -4510
313 -3315
-2888 -8597
-3695 -2708
-3260 -9019
9684 -4888
-498 6699
-3929 -5379
-7602 5362
-7019 18
1947 -976
-124 -1178
3333 8493
-874 7395
-4277 -7026
1479 -4477
-1536 -4488
2208 9298
-3085 8514
-3411 7376
-6785 -3728
-7513 6438
-3309 2280
-8941 -911
-2359 -2239
-7173 9588
6785 6425
2131 3838
8638 -8744
1232 -1919
-5770 -3569
3605 6415
1943 -467
5712 -7421
1767 -7700
-6325 8703
2294 -116
5141 8985
-7837 9921
1795 3525
-2319 8343
6834 -5535
4767 -1036
-7977 7126
3941 3256
-4794 -8109
-6593 -7469
8306 5351
2065 4018
-8350 -2448
-9962 -4675
-3745 2332
5209 -4884
5038 -8908
-4964 -3168
8339 2717
-4826 5172
-9098 -6338
-2144 -7075
-9213 -8204
9902 -4007
-6313 -6691
-1475 -8008
-7620 -9411
9731 -2249
1862 -6510
6797 8117
9543 5727
-3047 4580
6819 1989
-8589 5157
-5295 -3414
4049 -672
248 -8096
5975 1035
-6300 5876
-9252 -2613
-7095 -727
3101 -994
3583 6552
6757 -4555
-9959 7275
-2718 9585
3001 4236
4164 3540
-3776 9297
-1303 4651
-4118 -7255
-6022 9851
-5350 -6327
4606 2071
-6730 5354
-6821 -3825
-5373 6280
8903 8210
2831 9380
-2625 6594
6654 4658
9899 -346
2614 4062
-6806 8838
3358 5612
7209 -7040
-7923 -5092
-3469 448
-1419 -8864
-7481 1851
6491 -4302
-8253 -8883
-4302 -5630
-6953 -7751
-6251 4144
8843 -5876
-1199 8741
7499 -8586
6524 -5587
-6028 3602
-9976 -8819
-9717 -4177
-3911 -3186
6271 8391
-2049 -7490
242 -1838
-1792 5710
3000 7627
-9921 9768
9877 -6172
3911 -7561
-2048 -7289
-5099 -4549
-2154 -4855
-136 5540
-7533 3610
-9559 -7250
9433 -3470
3286 9424
-1359 -5043
-8066 8883
3119 3863
4592 -3882
1490 4671
-4115 5087
-7780 9797
-8754 3893
-3772 -132
-6936 7796
5013 6650
7056 7481
259 7497
-6049 3412
-2253 7237
2835 6388
-4086 8490
5271 9033
2353 3583
-1129 -2437
1975 4757
-3630 7916
8274 -2384
1808 -1778
7485 4873
-262 6218
1522 -3207
7419 -4499
-5711 -4909
-7367 5757
-3952 9189
2145 1963
7679 -2585
995 3752
-5282 9867
-8686 -9587
8344 -2316
8329 -9663
9021 137
2280 -9775
-1270 -4261
-9836 -6028
2532 7583
3194 -9458
-3606 5827
6299 2443
5015 -1557
-5595 6414
9579 5400
165 -1982
8987 5200
-1569 -8950
-3396 -3240
-8613 -4375
-9383 7389
-429 3068
-6873 -265
7040 9380
1039 233
9922 7433
-220 9942
-125 -1485
2105 4280
-5071 5405
3401 5094
-6578 6108
4015 5574
7159 -9382
-7667 -7734
-3757 -3329
9655 9536
9739 -7219
-730 6778
-7839 -5971
731 -4197
-4817 -5769
-535 8779
2747 -8430
3059 7676
6975 180
6490 -5883
-3713 4225
9691 -6555
4844 -4255
-567 -8914
2416 -913
-5658 2155
5590 7334
2653 -8529
-8638 -2895
995 -3455
1336 -9540
-4676 -2197
-7970 -7897
-801 -7275
6004 -590
563 -3989
-6366 253
3178 8478
9719 -7390
-6715 2135
1697 -2373
-1990 1007
-5040 -5617
2478 44
5209 -6527
6589 -3455
-2346 -4367
8069 -316
1457 -2732
6130 -2540
6678 -3308
3472 -9689
-9335 -3351
8790 -9616
2980 -4205
6240 -5324
3422 -2030
9405 8383
2353 1882
-1574 -2438
9076 -1265
7828 -3271
8090 9617
-9867 -454
-3116 9984
-9273 -6439
-3325 7920
-2406 1062
-1711 104
5167 -8732
5899 1406
-335 -680
9376 -931
1423 5449
-9049 -6431
-3269 -6253
6026 -1721
477 7836
-2104 610
-2619 4780
594 1829
-7938 -9011
-252 3377
5772 8037
-6520 938
-6975 9379
-3936 2691
2419 -840
-8241 -2437
-1670 -3569
4853 8782
179 4599
-2939 -5624
2434 8678
8707 9816
7178 3021
5365 9240
7732 -4887
2616 3503
-3130 9817
-1838 -104
-7085 7947
-7414 5335
-2893 -1934
-3382 9158
4498 -8530
7939 -1603
6070 -5001
2773 2224
-2603 5200
5760 -5425
-1779 1125
-6186 -4048
6238 -9849
9455 -3172
-6312 1337
6724 -3396
-716 -6970
-4341 -9889
1097 2277
9269 -685
7468 -9073
7712 7258
-352 4205
-518 7045
-596 -4759
-8381 7625
6366 -845
-6424 6324
3027 -3248
-6848 6715
8089 -6404
-6682 1093
-3373 -1023
4925 7724
-8747 4193
759 -7558
8842 -1530
9700 -1511
-3605 -819
-4467 5799
4423 -2847
7145 4509
6308 -5559
4554 -666
1193 7706
-3952 3003
-4978 3088
-2184 1649
-7936 -7259
3093 -2961
-9346 -6149
-519 9496
6042 -820
-2016 -7564
-7918 3518
-8044 -9775
-5609 9101
8455 -9302
-6459 3008
3753 4735
4434 -6479
1458 9457
-9671 9274
1105 -3885
-7986 -5802
3154 -7331
1770 -3645
-7836 -2188
9256 3870
3969 -4942
1108 5925
-4717 5499
5025 -6262
9918 -7713
6746 3670
-9258 1180
-9089 2200
636 -8759
5194 -4539
-2644 -9071
3380 -5770
-6402 -4850
4306 -517
6683 3561
-2927 4372
8620 8181
297 -2377
3679 -958
5082 3596
1329 5549
986 5792
-3272 5619
-2009 -8916
6860 -3094
266 -2064
-2165 -6354
2166 5154
2517 -3529
-5364 2920
-6248 1710
-2709 -3908
3611 -8692
3716 -2710
351 -1203
-5394 -4600
-5655 5593
-8808 4794
1211 2904
9599 1791
9810 3586
9727 -2356
-9048 5613
-3482 3469
-7917 4876
109 -444
-3415 -8880
5649 -6084
-7571 3085
1206 6501
-4398 5813
-4379 3669
5126 534
2183 -3664
-6562 1782
-8153 -3032
-912 -8427
8334 40
7186 -5149
-2771 -7011
9727 7338
6266 32
-7822 5635
3949 -1672
-1281 -1125
-5172 8043
-5313 4171
1711 -6467
-5296 -6107
-131 -1858
9396 5437
5111 -1517
7010 7165
-7757 7916
-7985 -528
-5375 -4537
530 -9109
5495 2709
-9754 -557
-8964 -1034
8319 -414
729 -3274
-6244 -7561
260 -1540
53 -6151
-9677 -551
9287 9155
-8348 -9984
6319 -6104
-8347 -7946
7089 -3722
-2483 -2381
890 -6988
-5952 1137
6176 -1195
-6177 8215
8391 4552
-1338 -4133
-9289 -7358
8049 764
-3509 8372
-6067 -502
-8754 -4414
3236 -8715
3203 4889
-6661 291
-5113 857
7910 9499
7590 -4322
635 7486
4484 8179
9422 2874
6451 -1917
-7538 7162
725 -9490
-2075 -9064
-7398 1859
435 -6152
-8835 -6330
-4867 4368
8559 2193
-5342 -2834
-3230 -3711
-3336 -5641
1967 -8981
-4434 -3550
9198 -5013
-6955 5648
3070 -4493
6530 -2485
-262 -5545
-1549 2340
-9966 -7394
9909 -8801
-3724 -1238
9288 -1445
-9046 -6055
5722 -2275
3955 -7615
5805 -4078
-6595 -8630
6093 -3677
78 -7142
-4308 -6853
2086 -7779
4383 -8177
-3324 -7166
7884 431
-4560 7792
5351 5438
274 4638
-6008 1229
8584 -6566
-7326 6259
-459 8479
-7820 6667
-6430 -8006
-7011 3648
-5148 2402
6796 6939
4624 4899
-7518 -4980
7733 -9634
5452 -3106
-8122 802
-7669 2153
-4560 44
-2898 -2256
7200 -224
-2277 461
-1746 3625
-2873 5545
5619 3837
-807 -5809
-3761 -291
-8871 -9138
-5393 -2667
-397 -3939
-2301 -1225
2955 3298
9578 9007
-829 -1262
2771 6273
-9798 3691
-231 -2075
-5849 -8256
-8451 1278
7289 -9112
-1164 -3519
-4920 5075
6190 -70
9658 -9203
7263 -740
-3142 -1318
8036 -6467
-8020 -8667
-3740 4872
3792 9031
4866 7715
6443 -5366
-640 -9407
99 910
1872 -2612
5519 -9293
7590 -9402
9503 3780
529 9160
8298 1512
2140 -1124
-9806 3896
2409 -4105
5229 -7611
-9234 2741
-4860 9353
455 -8418
-6013 9816
-7824 4086
4446 7769
-4806 -36
-7804 -7216
4284 -8302
-9716 -1467
-5422 8582
-9956 -9562
-2543 -6041
4335 -6414
-146 3284
-4025 4342
-3975 1115
3694 6480
2698 -8599
-9985 4874
9209 8182
6363 -5598
-1854 8559
-2814 -3850
-9744 1191
4683 -1445
-228 8448
-1007 -9051
-7593 -6673
-5465 5982
-9668 4231
4044 -3643
-4654 -2262
-3443 -8236
2860 294
-9642 2068
-1525 6721
6471 -9659
5279 -2623
-3509 9256
8569 -8827
1531 2061
-6658 -9477
3011 -4251
-2428 -8734
-4549 -2096
5498 9496
7982 -5436
954 -5462
-3672 -6187
4832 -3314
5882 -6693
-6594 2352
-6352 -7595
-6551 3861
-4619 -4262
8755 6912
7800 -7904
7435 4531
1566 -1273
5797 7018
-9649 5015
6513 8333
9579 -2534
-7129 -4094
1279 -8577
6313 881
-1549 -6561
-3047 2100
-4156 403
-319 4946
9862 -1565
1857 -8619
532 3013
5912 -7903
-8261 5430
-7165 -7909
444 9348
-5856 23
534 -2985
9650 -4466
-1561 5963
6415 6890
-6878 -2911
2710 2688
-8788 -7610
-2367 -8927
4547 9491
-7545 -4922
6224 -7913
896 -8317
-8763 3732
-2505 1682
3079 1640
-4575 -2666
8655 -4926
6589 814
-5243 6724
1425 1601
-6188 -2145
-5712 -4976
3967 1921
-181 -1487
5132 5995
3591 1355
8082 -5514
3039 9320
-8062 -9467
4722 5018
2173 -9854
-3928 4549
-1059 -7340
-917 7420
-6896 -9493
-980 -3083
-1637 3308
1941 -3950
-4772 -4520
4563 -5919
-8526 1874
5436 9557
-9920 2195
-7404 -7981
2729 7318
-9243 -1378
-8816 -3171
-3109 125
3210 5975
-2456 6314
6482 -9716
-3049 -1435
3592 -7387
4615 -7459
-1907 2898
-3378 -432
-5229 -4222
2845 -5148
7974 5441
592 4423
6479 1349
-6956 7663
-8102 -64
-2213 8829
-4090 9053
8863 -3888
9337 -4186
4678 6650
-1573 3013
-7089 -9760
-4089 3254
-192 4403
9032 -7348
9255 7005
-8187 3567
1427 8292
-5085 8193
5954 534
1849 -2538
-638 7759
235 1946
-2409 3292
7760 -4011
-59 -93
9003 6573
147 -1366
-174 -6324
-6964 -1142
49 -3988
-417 5584
9579 -5269
3875 -1785
-7077 3550
8749 4772
-8989 1832
6251 1246
-6223 -6159
-5463 -4743
-169 8200
8885 2554
4772 2752
-8813 -5402
-9852 -5777
7177 198
235 -3241
-4219 -186
1490 -6624
8029 8134
6926 -9503
2905 -8343
2329 2876
2903 9827
-9562 -8839
-1196 3990
9361 -2312
-3457 7853
-5839 -2270
-3829 -5691
5674 -6653
4507 -370
3828 -5992
9444 -4683
-2615 -8808
-6549 -1969
-4590 -9924
-311 -8540
6674 -3688
-8714 7112
-2527 3812
1101 554
-4780 -8636
2128 -619
2815 8299
3691 -1512
-4633 1918
8118 9195
5927 -8719
-1768 -2968
-3806 5404
5063 1605
5481 -1528
3065 5875
4785 8072
2986 -4022
1883 -2193
-9747 7104
-829 2381
-3516 -8015
4400 -9826
473 9767
5814 2312
-7319 1740
3593 914
-7508 9788
-3683 -8725
1392 -4482
-252 -1823
-8608 -1747
-3752 8099
7952 8132
-4095 8205
5235 5076
4306 -4561
-9219 2427
-4386 4976
2193 -4852
-2713 8596
