50
63071 -88138
-93046 -66950
-74505 -85755
1361 -7241
-12954 -46867
66190 27079
-17436 -98427
41568 -93004
-91511 -51253
-23248 77688
-77373 -39695
94562 83667
59864 78142
-22920 -19522
32092 -18633
95345 -77749
-6770 29388
-44698 -54186
43634 56663
-34338 -69321
-90205 -68149
-15152 -80551
60514 53505
53535 -3908
-97748 -69714
-26220 51969
-82319 95431
35635 77545
73572 -87285
-41978 -67248
-78829 80456
-44996 14401
-63067 -62605
-12696 80567
94058 52966
38335 30943
84818 -76818
-22519 -27580
76688 -68985
68513 6029
88391 -57708
-42003 -93929
64812 93633
10706 -34528
33437 -4183
-74687 54608
-23727 -19683
96099 13206
-55199 -89509
-79139 -61141
1000
-643 -4910
9686 3462
-479 9662
-6552 -5044
6394 -4923
2753 -4637
-8035 -4604
-7132 5431
-2853 -5440
5722 -5495
8213 4033
9236 5920
-750 1000
-9675 -2016
-8768 3284
-3917 4310
-7905 -511
1492 1616
2871 4941
6572 -736
-6262 3045
8348 -575
-7839 -8785
-5145 -691
-504 -5702
3814 -2291
8331 6770
-2651 1301
1490 -2325
-6995 2723
-5321 2809
753 -3226
-7703 -7755
-7890 5168
-9094 -7598
-1848 -1635
5447 -3500
7790 7609
1436 -3634
638 -9068
664 -5549
2362 2715
-5058 9711
-2264 6432
1106 742
2875 5786
-6450 -6372
-7441 -4152
-406 -1609
-5264 4221
793 2889
-7415 -3760
-6891 -5904
-2431 4545
462 8207
9198 -8875
-3622 5280
7561 1320
8712 -4704
1473 -183
6038 -5653
-4398 -6691
1696 1883
-843 -4990
-9727 7614
9231 1066
502 -4463
-8974 7332
3354 2316
5598 -6185
522 4795
-1339 -9379
3796 -3779
5662 6228
1517 -2866
-3956 1276
5203 5368
4585 619
-2750 -2538
5630 1244
-4925 8581
-3970 9299
-2162 -2943
6630 -8809
-6907 2227
-4994 3616
743 7388
7958 -1741
-6392 3619
-5514 8847
-5526 530
3843 9677
-382 -1573
295 -9412
9610 -355
1832 -1595
1947 -8417
-2297 9785
-1360 -1946
-5303 5454
-5999 3424
-931 4744
812 747
-6998 8141
-5634 1209
-9293 2561
-4540 4550
2237 5078
-3303 -3748
5667 27
9619 1219
8433 1565
2802 -144
5070 -4838
-8370 9767
-9384 -4368
3191 3406
-9625 -5998
-5847 -2901
-4137 2240
-7972 -3429
-5200 -2512
-8880 -9243
-3713 1539
730 -8047
-8435 348
6893 9998
-4367 -305
3575 -9297
8578 5205
-5810 9194
-9164 7381
6321 -5067
-4897 -9527
5753 967
6434 7781
7538 -5046
-4731 -7622
-4289 1556
7638 -9839
7230 9204
510 4122
-7079 9864
-2463 -9784
-5713 -3885
5422 -1522
-971 9979
-4142 -4651
-5089 962
-457 -5616
-4351 -303
-7835 -3093
4651 1155
3006 -5918
-3569 644
-5756 -6340
3568 8475
-8498 6489
8338 2761
-9574 -7375
-7404 5848
1103 5346
9547 -9319
-5584 -1821
5364 3959
2563 -8988
-2623 8449
-2081 -7973
-397 -9075
-169 6034
5290 4075
-6586 -1143
2549 -1362
-934 4607
-8602 -508
-9048 -2285
-940 5776
-6940 -1393
6458 -2524
6786 1821
-4844 3069
6555 2533
1518 -1806
8281 -5159
2840 -1889
-9125 -1871
-7815 -1990
-9294 8455
-9632 -227
6783 -8234
9265 7735
-519 2046
3511 6263
-9348 3689
-6262 -8842
-770 -1106
4227 -4216
-4853 -4256
7700 -6572
586 539
5260 5182
-7611 -8834
-3088 -6905
9621 -2719
6589 -9877
2768 9575
-8421 -4030
1620 8811
-7768 2272
2499 -309
3430 -4551
-7694 1377
4955 -2547
-9158 2654
4602 5149
-3087 -138
330 -698
1028 -9038
6119 4369
1964 2707
4493 -5268
2281 6072
4423 -6100
8603 6655
9893 1101
66 7043
6550 2372
-1580 1504
9826 -738
-2122 4427
-5590 4792
-1991 8461
-2186 9037
9423 -6068
7127 5108
6640 1619
-6440 -1080
1411 7983
6542 13
8358 6434
-5166 -1577
3477 -4896
-9205 -4383
-9671 -5659
4879 -1793
-7512 9289
-3281 498
-8531 4534
3255 -5388
8466 381
9720 8826
-4280 -6721
1467 7131
-5018 -1992
864 -6661
-1838 9419
1763 -4641
-5477 6279
976 -1427
-9381 -425
-9500 -6893
2584 -2780
7326 4053
-8247 581
8666 -6061
-9039 -7895
-7235 -3318
-894 4232
-2467 4088
-4040 -7882
7428 7843
-8464 2911
-6798 -220
-811 7899
8353 -192
-2526 8854
6636 -9943
-3927 7683
4111 1547
-1737 6497
9207 2945
-7678 -8029
9627 1428
9924 881
-4484 -396
2999 -7057
-2553 8256
5854 649
-1964 -1237
-1453 109
-7709 9742
-1038 8927
9800 8756
6609 7631
4023 -1408
7848 3230
-8463 -9831
8922 -5116
1598 -7434
5765 -9166
2170 2484
-2502 9617
740 -6649
3986 -7504
5835 -7467
2605 8126
-4005 -4712
-9228 -4206
-2236 -8898
-2855 -8213
-306 -5008
8738 1231
-1117 7659
9837 -9520
-9776 9322
-4965 2395
1806 2533
5732 -3734
9605 -282
2483 5439
5972 -4913
3564 -8034
4096 8057
-2239 -8140
9159 8627
-6353 -1147
-6381 -3895
-6196 2502
-6237 -2639
6703 -2291
-3317 -8263
-6176 8489
4270 9556
-1525 7595
-727 -9043
3033 -4756
-235 317
932 -6139
-1627 8693
-558 -2468
7319 6810
-9895 -5342
-7086 -6091
-9120 -3323
1271 7583
8107 -8326
-6960 -8070
-9838 -8970
-4793 2358
8625 4480
7036 1657
-6555 -3200
-4306 4377
4382 4068
6790 -6177
-8401 7829
-9368 -4575
-3792 -6454
-666 -2912
3945 -5675
-5329 5772
-4001 -2289
-8577 -118
-1258 -3370
-4040 -2634
-8891 -7005
-7256 -1725
3517 -1562
-3628 -2102
-7495 -6839
5443 -2175
-5289 9796
3250 919
-2937 -3695
8007 -5272
4351 -7323
-9501 -5929
4110 -8078
7674 -3428
-1448 -2645
7659 3383
350 -5877
-4622 -6134
2562 1751
5486 8788
4912 4649
334 -6657
4444 -2696
4262 -8494
7330 2269
-3766 5402
8667 455
9473 6497
2377 -9134
-6932 -5350
-1779 -5552
-8247 -7708
-1429 -2869
-3842 -5147
8882 -4636
-2638 7515
-9988 7696
-9143 8178
-1280 8841
9684 -3950
1109 -361
-8549 3496
-9907 -5356
-7 6191
-4490 6782
-5439 7453
-5050 -3686
9745 3522
7167 -377
-7905 9769
8709 -543
7283 8721
-2848 -8139
6898 5873
-9299 -9698
-4357 5531
-59 -2906
2747 3755
1738 -3540
3666 -9032
-6758 -8052
8421 1913
1983 -8115
-845 -851
1509 1251
-1082 3938
-9293 -79
2658 1581
5503 3277
1174 6204
7300 6817
5455 961
-2369 -1798
-5285 -6911
4662 -7899
-5943 -8376
-5951 -3801
3538 6033
1805 -3587
-1098 -2966
7664 7820
-9029 -7908
1462 7351
3673 -3036
627 -1433
-3111 -2074
-896 -7657
8887 6735
4266 -2678
9824 -1072
3144 -2399
4273 7194
7521 1531
6947 -674
7945 -4152
6360 9329
-2611 -8948
-8580 8851
8403 8814
-4186 -971
-2620 2703
-9325 -9796
8768 -6718
6939 3033
4325 -9518
-4319 -2532
-1916 -6325
-5339 -4396
5206 -4672
8651 6871
1177 8732
6200 8566
9784 7620
7416 8186
-9846 -3050
935 1255
9654 5331
1460 8421
8613 -1602
5174 2937
2602 -9145
-5875 -9315
-5470 2508
10 -6544
7836 2382
-9673 -988
1113 6527
1298 4617
7867 2434
2802 8021
9385 -2543
-724 9038
-7213 -9265
-8822 -4880
2854 6352
-8223 -4545
-9073 -4098
-139 -4543
8410 -6408
-1086 6246
5974 -759
-1022 -2914
-512 -9724
-4577 -2646
6431 8225
-4625 5815
-598 4651
8573 2189
9107 9751
7309 5681
9824 9086
-5143 -9250
-5013 4718
-71 -2882
8310 -7437
-6637 8004
5525 6062
-1190 -4988
6338 4233
2366 6490
2457 7741
2304 -8142
6112 877
7768 8939
4348 5076
8341 4171
7882 -6803
8643 -3410
-8365 -1429
3708 9946
4855 7071
-8331 379
3132 480
5391 3191
-5288 1477
-320 -9110
2939 -4296
-7252 -950
6581 -5763
1710 4650
-6967 50
2541 -9085
6968 1183
-2495 8603
-6526 -8788
-7732 8329
-7997 -6062
2428 8856
4418 -2182
5767 9130
-6984 -833
-9981 5955
4872 -3511
-1275 5173
4447 -9566
-178 7480
4205 -3916
8395 4893
7267 -380
3496 -5538
4553 5764
-3489 -9724
-6578 -7340
9133 7840
478 8620
-9310 7215
-2213 -5570
3169 -7342
4640 -8106
7831 -914
-3951 1374
-3434 -9746
7458 -1319
5147 8445
-7978 2363
-3373 6575
1848 6860
6852 5270
9520 9705
6831 3718
8324 -8759
933 -3890
-608 -5899
2489 -5968
-4005 4041
6839 2045
-865 -2875
6020 -3408
9528 4887
-1243 -8451
-2750 9106
-8156 9098
5965 8696
8088 5484
-7880 4918
2922 -5835
9880 -6146
3996 -728
-2044 -3515
7025 7672
-5754 3863
3437 3381
-5291 -544
-6307 -5764
-1936 6171
-4215 5314
5276 -2371
8132 1240
46 6219
444 5887
4858 -6634
-9949 4737
-2780 4048
-2271 8897
-5747 -5247
-9711 -1501
8617 3726
-4400 -6675
-3097 -707
-2439 4967
-4537 7067
4001 -5540
-1584 5853
9421 8462
5792 -135
4349 649
6952 8121
-893 -2108
5889 6836
510 -9859
-4690 799
2361 -6074
-5476 -8319
972 5148
974 -7747
114 -9842
-6960 -2165
-5382 1456
-6313 -2241
3639 9480
7624 -2013
128 8296
-172 -7045
-3812 -4283
-6488 6698
-421 -1178
-2504 -4339
6469 5741
-2658 -2560
889 -7963
3414 -5277
-7805 6454
2559 534
-2091 6246
8293 -8453
5725 9638
3255 -426
7933 -3196
6250 -5880
2521 9762
-5462 -4180
2304 2034
1481 -1228
1496 -7456
9933 -7616
-5419 7067
828 497
3520 -6614
-8970 -4850
9633 -6957
418 5357
-3599 -2606
-1349 -5666
4198 -5099
2175 439
-1617 -9566
9980 -9313
6189 1461
3180 -2316
7726 6834
3789 -7694
3900 -5383
2803 -2580
-1997 7554
6291 1356
-9404 -3292
-3287 -3002
7823 9085
5053 2020
-6015 948
-3821 6090
1382 -3841
6777 -2429
-8660 -44
5255 9066
510 -956
-4908 -5590
7382 7895
5551 -4616
5448 1841
6741 9765
-7731 -2826
483 -6187
-21 -744
5833 7686
-9796 -4267
3775 1586
5613 551
9157 -9327
-5773 8133
9739 4738
897 -5170
9148 -1722
-3555 8419
7383 -4387
259 7844
-902 6249
-1262 9582
-9939 8718
-1163 9616
6403 -959
-931 177
-5652 -5319
-5552 -2775
-4646 2396
-922 -1187
854 9975
7364 3722
1973 -6192
2140 3077
3142 -7602
4641 -7761
-7632 -6621
-8180 -7571
-4183 4379
-4235 -7781
-2860 4834
6117 5209
9515 -9436
-7566 -1411
6681 1512
7402 -2465
5208 4765
-8744 901
-7707 3397
-2302 9156
9516 -7661
-8605 -8117
-561 -3064
-1966 5256
-8686 7520
7475 2176
2354 7312
-2616 5589
-8404 3539
-5822 8277
-1228 -4700
-4189 -2300
-6214 -2932
-7679 -200
-9536 20
-1044 -6300
6080 351
-4416 -4482
-8993 7339
-9227 -3957
4858 -8032
8219 932
9280 -677
-3479 -5404
-7138 4420
-7128 1634
9720 -1316
-6946 -6495
5752 -4625
3306 9937
9116 -4018
-6364 5195
-9947 2941
-9288 -8940
4000 -4794
-2897 2579
895 -958
-6490 3895
8366 31
8491 -8773
-1829 -8637
6582 -2109
3768 -6644
5117 -481
-1269 2143
3176 -2153
8125 -9468
-3238 8178
7195 1196
9239 1194
6402 62
-6228 1018
9105 1004
-1367 7470
-5245 -2876
-7583 2927
2208 -7281
-5462 -4025
-3925 9655
9215 8527
5519 2390
-3627 3643
6643 3136
5542 3837
-1948 8501
-1248 -5547
-1438 6245
9192 1387
-2752 -2175
-1144 2004
8670 4994
-1349 877
7713 3189
-9428 -2492
6564 9787
-3965 2082
5897 6129
-554 2539
2985 -5013
97 -8964
-2792 8849
-789 9491
5093 -1598
878 -3938
9948 9734
8066 8617
4728 437
-507 6161
-6375 3786
-6331 -6091
3572 -296
5992 3189
-447 -842
-551 -7462
4145 9546
-6426 -4927
-7886 2785
-5437 7207
-5092 5441
-6732 -5145
8896 -4946
-6528 7344
5491 6686
3504 -7164
472 -9107
467 -2236
4318 -3542
-5326 -6129
5616 4123
-3591 3481
7389 3704
-7726 9503
-3511 -3163
-9571 1397
-4001 -2581
9973 -5106
6194 -6556
-4042 1685
-9870 -6818
8242 4323
-5924 -1292
-4193 -7886
8887 481
-4015 8223
-5397 6115
5424 -8009
-181 7698
-4786 -9972
-1744 -4356
5146 4255
6784 5118
-7131 2977
8563 2548
-1618 -7587
5730 -3376
-9544 -6474
9053 -3737
-4359 -8340
6745 1626
9883 -4932
-2259 9028
781 -8720
6725 5995
-8692 -5020
-4641 6454
-7045 -7858
5292 -455
5120 7575
-7908 -6499
9988 7823
3846 -5836
-4931 6620
4149 710
8280 893
-7664 -8118
9682 3798
-9091 462
5078 -8645
178 -9894
56 5537
-9720 3012
-8600 5572
-3723 6520
3147 -1630
-6259 6855
-87 7588
-8981 4982
7928 5168
-4308 6207
-219 1749
8089 3183
-733 -7281
-6355 -1935
-5926 7544
-1829 4130
6801 2172
862 8201
-2257 7140
8441 -5390
-4491 -4097
-8535 9143
-2789 -3795
4124 -4862
-4907 -6464
-8656 4874
5285 -6847
-1944 -1728
-4128 5422
6337 3667
2965 -1772
1518 -234
-9601 -7621
1687 -1857
-6761 128
2753 2469
9752 7939
1611 -3038
-5857 -4265
2100 -764
2992 3444
-2170 -1723
-9683 9608
6549 -89
5029 6607
-6423 1715
-5166 8816
-4799 -4766
-5084 6888
7098 -1845
736 3571
-9376 487
1510 2235
7449 9374
-8310 -452
-1390 4683
-3288 -9840
-3320 -2970
9768 -3051
-9339 4797
-2724 -5762
232 2111
-3225 5433
-8935 1691
6041 -8117
9846 -3223
5454 -9531
-9016 684
6426 8434
58 -8164
1702 -7612
-9761 8415
-7452 -3081
-835 -7684
7590 -174
-9167 -5135
7785 4786
-9304 -5441
218 -8239
6250 -3742
-6356 9817
6756 -7181
-5994 7741
7224 -5848
6174 -2719
-4011 1596
3390 -3772
3731 9660
6869 -7105
-4304 8179
