50
-57158 -1837
-60093 22572
62967 -21286
-21838 -98142
22740 -42403
81192 -25902
-95889 -20246
-6444 -71533
96410 -8613
-98211 -32347
-5567 -41121
-31004 -82228
-19071 -85014
52724 79343
43645 71121
-38083 86487
-30717 -71086
9059 59339
7628 87221
-11714 57457
-55183 96567
-68446 76018
-23680 -47801
-95516 99819
43587 -93727
94561 65109
-34848 -36444
82882 -26830
-94368 -37306
79602 49277
60904 -58482
35763 -69814
-29568 71911
16615 5149
-13780 31990
-37395 31037
28557 -78752
7054 -95124
-26552 -61373
31785 -82966
71990 26345
82143 64231
89902 -7887
-62600 22623
54807 -82999
-28101 15710
85610 34751
-27014 83131
6662 16690
-84631 19971
1000
4947 9918
6416 2962
-6195 2186
-7034 2703
3662 7052
-4926 -5938
5555 -7135
-2548 -1441
-4691 2876
1149 -8973
-5723 2297
-7598 -1954
-9462 -2273
8107 -1412
-5937 -3743
9338 9010
-104 5753
5693 7422
-2061 8659
124 -8400
9431 8919
-617 8706
-4496 -9445
986 4534
3432 -4145
5562 -8571
8153 -8316
-525 8691
-589 1302
-2722 7195
-8720 336
6204 1176
-3911 5617
2318 7749
7996 -3838
9349 -8854
-1199 2452
9853 4305
3008 4559
-1161 160
-9587 -1879
1589 8566
-195 -5216
-9024 -7064
6086 1975
-9870 7366
-7689 -9946
2262 2121
5672 -5421
-131 3667
4462 2938
4814 -6738
-4611 8387
7568 -7883
2945 127
2277 3358
-8032 -6135
5645 5494
2370 6621
8430 -1544
-1404 8560
-458 4628
8614 -8196
-3252 4285
104 -9663
1673 -5434
3275 207
-2172 -7616
-1407 -884
-5498 -4742
-7037 6779
8616 -1348
-5635 7981
-5855 6735
4602 -7426
-1089 -3082
-8867 8454
-8455 -6532
-9743 2014
7753 4082
2351 3146
8648 -4375
-6648 197
-1991 5666
-6967 2511
-9077 -4003
3011 -6740
4649 7376
-5039 -7485
7831 9563
-4911 -3258
201 -3777
-4805 1746
-309 -827
-6241 1164
-6746 6110
-1969 -4377
-4545 1383
5820 7186
770 8853
3417 5414
-1430 -3573
-7606 -3060
-2477 -2644
-545 -4646
639 4544
2096 -9160
-5513 -8989
2586 7899
184 -9934
2784 7159
9897 -9186
-7219 -927
5918 8601
-3742 408
-8826 9675
-4178 -256
-177 1937
6684 7346
9293 -3862
-3580 -68
-5597 -7764
4493 2611
-6753 799
510 7152
865 -2986
4311 4483
-2172 7092
-6445 -2534
9414 3534
7875 -9413
6929 -6304
331 -3249
5633 736
-2182 8647
-9406 4238
2299 -5003
-9805 -3209
7609 -6558
7590 1839
-5685 2176
8853 8626
-3342 401
9438 3934
7867 8851
-2533 5741
-6842 -5605
-6843 7211
4868 -7489
-2054 -7315
-8843 -1460
-9357 7177
7259 -9162
-6033 8588
-1998 -4723
4147 2317
7453 6720
4663 -2169
-2880 4100
-8236 -1293
6672 -769
-5552 -6450
7348 1326
-9240 2215
3837 -1294
4900 8715
-9033 9264
5891 8226
-9898 -6422
-9467 1825
-1144 4680
-5859 -3692
1399 -7476
7861 -7761
-9656 9625
946 7016
2577 9115
-5713 -76
441 -4953
-7862 -2002
3754 -9242
-3287 4721
-9979 -3676
6667 -6156
-97 -9080
9390 8759
9321 -2749
-1213 719
-225 -3353
6679 120
-3728 -2376
856 8849
460 5143
2493 -9100
-9810 4631
2619 7665
9110 9332
6106 -7149
-623 6493
417 9280
7413 -194
8038 6733
7058 545
1172 -3168
7193 -2150
-9328 -2815
9195 5250
-246 -346
392 -7754
4275 4303
-9403 -3106
1967 9707
-54 1793
-7443 9323
-1715 2974
8602 -582
-3499 -9641
-129 -6442
4626 -8958
4111 5539
2613 8505
-7277 5529
3754 6198
-1097 -2134
-7836 -6822
-7831 -7239
3793 7857
-7533 -6262
-350 -1255
-6939 -8345
-4560 -4617
1074 1941
-536 -9056
5499 -5911
-4292 3330
9628 -7959
1834 -3929
7570 -4413
-7732 -3527
3454 -5568
-349 9344
914 -6557
-9080 7102
902 570
-4154 7684
5947 5007
-6933 741
-3053 2531
5406 -3834
-9660 -8887
9497 9968
-6845 5051
-3962 -5555
-5641 2027
918 -8467
-9821 -5711
-9124 1093
1453 -8204
-1806 -3924
6088 7761
-6241 2034
2768 -3174
-3505 9715
-6923 -8100
-4119 -6583
-3265 -902
-2895 -110
-5852 6864
8056 -1493
-1110 2695
40 -931
-9296 4637
-9839 2158
6434 2076
8234 6242
-163 -4287
1996 -7396
6261 8491
-3961 9338
-9610 5641
-3524 -2875
-5262 3581
-9265 2608
445 8792
-5165 9335
5207 4876
2125 5911
3233 6007
1789 3387
-1917 3743
-372 -8360
9457 -8377
-5756 5717
-9887 4004
5054 -5775
-355 -4750
5071 4383
8832 5807
711 2997
8319 5547
6052 3525
4143 -1824
3156 -2625
-2096 -5055
-9238 5987
8688 4111
7627 8144
5735 -4409
3860 9569
9595 2635
-2486 2960
7885 -7415
-2657 -9564
-7888 -8226
3433 -9570
7321 3206
7676 1463
-4898 831
8839 3006
9497 -6679
2713 8185
7432 4060
6328 3166
9651 3909
6456 -7034
-3457 -6031
5926 -1852
275 -3011
-1415 2387
-1236 -4262
6538 -195
8944 4213
-8732 -2233
-1235 -9894
-9228 -1739
-6573 3486
-3555 -5421
1266 -3506
7746 4638
-9598 7922
7604 -3055
-4389 7250
8814 5887
-2040 -2602
-1727 -9556
6858 -5189
249 9522
-7256 1517
-2712 5230
5344 -1939
-2788 -7509
-4733 3657
-2929 6533
-6129 -1463
1170 -5727
-3542 2494
4939 5790
3465 3753
1676 -4855
-5129 9950
-4411 -4551
-1519 9559
-5029 1225
1076 2259
176 140
-5960 7388
2632 3028
4765 -6577
-439 8637
1960 -5549
-3370 -7862
-9334 -8431
7928 4131
9043 3325
9276 -2366
3274 -1415
3084 -4525
-1857 8055
6700 -7061
4034 -3125
3080 -8205
-2017 -568
4823 -7252
2855 -1896
-8616 -1465
2556 -1986
4394 6943
3304 6042
1073 6067
-634 4069
-6299 -7361
-3626 6785
-1886 4517
8560 -1465
-8823 6314
9131 4257
8109 -2886
-2591 2932
-138 -6016
-8965 4967
2519 7312
-7020 -3088
4254 -9995
-7047 -953
6072 6041
-3164 9773
8680 6931
-9723 515
5169 -7443
-7230 6346
8872 -4379
4323 -9300
6456 -8269
3632 38
-4285 8389
-4996 -8046
9421 1706
2587 7396
1711 9261
163 1503
5301 -9280
1276 7702
7651 5274
1937 2819
7832 8428
2885 -9577
-5952 928
-8877 -5775
2659 8477
4263 -7906
-9415 -7012
-2231 -9995
8415 -5924
-8879 3846
-6663 1285
-4652 -7642
5726 -9656
-9941 3376
5619 5717
-84 7171
4144 -3479
7594 -8087
7450 -7563
-3862 3829
-5366 -5879
5924 -4781
830 -2587
-1054 -756
1490 67
-6911 4827
-4928 -1562
-9095 -9203
2503 -9035
7895 -1879
6682 1531
-4709 4547
8052 -3395
6460 5501
2764 -7403
-670 7398
439 -1026
-7383 -8731
6387 5284
513 1597
-929 7324
144 4144
-518 1050
8662 -8016
5736 -9724
3827 6138
1807 9118
684 3580
-556 -2857
2801 -4072
3461 -7870
-6675 -6100
4825 -337
-4831 4933
-5054 9403
-3471 7739
6726 6674
5603 -3793
1444 7985
1913 -2821
8262 -4261
-6684 3789
-1423 4001
-2632 8021
-8857 -9831
-6052 4605
-3980 995
-7775 -9155
-9343 -2606
5778 -675
-3204 -3973
784 -2757
-3579 -3614
3450 7865
-5630 -4638
-4957 -3648
1101 -1640
-9859 -6601
-7640 1230
-8581 -2776
5120 -911
-4451 -8860
-6196 -2226
-4294 -1818
8889 -4796
-8773 -4315
1231 2011
2928 7653
8397 98
9238 -3512
9182 -5719
2840 4003
2641 6702
7402 8722
-2068 -7458
-334 -6949
1631 5216
-5809 9156
-3290 3618
-2663 -4401
8822 -1435
1284 3774
-9425 -2068
5147 -7307
8030 4384
2902 7211
8665 -4259
4935 5026
-7557 2336
3747 4096
4878 -6587
7147 229
-7651 -4941
-616 -941
8677 6722
4658 -8781
-993 -338
4993 3303
7594 139
9717 9345
-5478 2618
-9725 -6813
-7920 5210
8213 -1756
-2454 5681
-7661 -3856
-7186 -6794
6374 -4837
-1735 -522
7943 663
-80 2601
1882 8927
-4017 -3126
5951 -6423
7013 5667
-7079 -4745
-1715 -3083
-1558 4086
-7873 376
-7671 3394
-223 -5332
9538 2591
1595 5911
-8526 9861
-4611 -6863
4244 5309
9459 -3875
7957 -4558
6720 3907
-981 7453
3294 5661
-7293 -4701
-7423 4871
9385 -1575
-1033 -8287
-8182 8744
102 -8644
5055 -4582
-9013 -9751
-4722 97
-6614 -6758
-873 -3434
-633 804
2008 -193
-5290 -5253
-2741 8004
-5872 -34
-6697 -3295
-1443 -3592
8852 7524
1843 -5610
9988 -4335
-4254 8763
1083 455
9012 6361
-9449 -3881
9603 3399
2685 2690
-5798 -1587
-7504 2633
3160 3476
637 7288
-2837 7661
-2287 5720
-2211 -3436
6965 9632
955 -9328
-4703 -9579
9436 6380
4597 -7833
6462 8870
2007 9785
2268 -1588
6196 6471
6825 8692
-897 -16
2168 -6540
992 9331
-5159 8706
8771 2631
-1010 5735
5983 -6335
6408 -8721
-5913 9564
-8620 -7596
-8270 7842
-8727 3738
-8654 3542
-7851 7542
3733 -7305
6234 -3444
2679 2122
3738 -6329
5173 -7701
-3903 3943
4930 5087
3399 4634
-7527 -194
5913 281
3090 7293
2685 4820
8855 3959
-1443 -9799
1221 4428
7743 -5047
7123 7697
5230 3522
3539 -1033
-9087 -1289
1267 -2990
-3625 -83
-4182 9774
-5450 -1709
3300 -5816
8572 -3611
-4803 4977
-8792 -2227
-1065 3487
-2026 -9845
1635 -563
-4892 -1243
-2866 -5941
-4001 -9328
3026 -3087
3105 -5708
7644 9480
7931 -2818
9253 -3799
9194 2552
385 -8515
-7339 9304
6463 -6131
-2924 -4603
-8924 5050
-726 2711
-1793 8103
-4812 9062
-7839 4909
9735 5188
-4458 6560
-6800 -6815
6039 -8870
4089 5291
1053 3282
1563 -8563
8489 4224
-5539 4951
-8187 1537
-9653 -3389
307 3342
-6958 8515
1445 -1769
7576 3606
-3140 -8970
-1207 2402
7590 5715
9308 3628
-9435 3396
2639 1618
399 -2078
6777 -1113
-4134 -8763
-6163 1401
2775 -2095
8012 -3198
-8753 -8947
-963 2692
3005 -3387
18 9865
1364 8812
2266 2675
4526 1574
23 5091
-1310 -3617
430 9089
4305 -2794
-2025 -9829
-1557 5533
1572 -5062
-2841 3304
1741 2127
4357 -9223
-1461 -2638
1111 8557
-2774 -3804
-8912 -6787
8871 9335
4787 2614
8147 -6524
8997 -1424
-3714 3302
5782 7982
7194 -5776
3515 2486
2884 -5606
-4211 -1655
6521 -6134
-878 -1220
1228 -6046
-2664 -7825
3871 2146
-891 2741
1480 -6105
-4646 -374
1092 -1928
-8078 7378
-8627 7704
5360 8567
-4351 2595
4773 8533
-9291 -9439
-3123 -9050
-5573 9720
-270 9377
-2606 -9214
-4728 -8736
2932 4381
7726 -1867
-8004 -3199
7759 3088
4873 9682
4187 9967
-8895 3267
-7747 475
-4139 7026
-993 -3430
7587 9605
-2480 -4266
-6955 -9030
-1169 4160
-8244 4103
5425 8410
2204 6871
-3458 4200
-2608 -1979
-2712 -7736
1423 -4805
-7770 2529
8462 -1796
-6997 -5678
-4771 5732
4613 -3464
9057 -4147
2271 -7899
-3177 -5178
6262 2300
8926 5407
709 1129
5998 7251
-950 -6610
-4728 6338
-4346 6695
-8468 1606
2944 9994
9810 5948
-1964 -1240
5400 -3631
5296 4456
2222 1287
-9722 -7235
6110 -9740
5065 8756
5667 -4226
3605 1664
-6976 -7346
5054 2017
-7288 -5571
-1288 -5756
9756 -8345
-2042 -6715
-8677 9715
2045 6723
-3917 -2659
4900 -7975
8628 5178
-5210 8458
9159 -6424
7213 4825
-650 818
209 2374
7193 -1016
-1888 9906
7134 6824
-2130 6889
-7801 5829
-9827 -2756
9264 5940
-2313 -932
-6720 -7414
1093 -4372
-8516 9605
-5914 -9358
-6820 -8702
9188 6251
5837 3118
2345 3030
-4178 -9544
2935 -7045
7280 -9196
9844 -6800
-9647 -6263
4165 -6662
9677 -8149
2406 -3323
-1841 -2781
2306 -357
544 6392
4007 7445
-8590 6915
3695 -9032
32 -3960
3998 5854
-3504 653
-7471 -2503
5178 -3907
4418 9253
3552 -1418
-3689 3228
433 8717
-6374 -7688
-344 5932
1956 -6079
6044 -317
-8635 7454
318 8782
8422 -5929
-5179 6140
-6355 5038
513 -3825
-3745 -588
2268 -9328
-1336 -4181
2975 4975
-7232 -2871
7412 -3606
-559 788
-3954 -4883
4709 -7911
4800 9796
-6737 -1161
-7703 -4594
2910 839
-4734 6555
-4124 5780
-7271 5853
-4809 8719
-9755 7576
-5463 3221
2550 1026
-9651 3682
7420 -210
-5531 -6535
8629 -7101
-725 3428
-3585 2539
-4013 -1288
7945 8897
9551 -6790
5452 -853
-7290 -8099
-5001 -2099
-9381 -4755
-4524 -1122
-7814 -8254
9904 -3744
5428 7324
6046 -6382
-5491 8395
-3483 7506
1823 2932
44 -8470
-4636 1709
-9573 -5086
8640 9600
4061 -8650
-8500 -7219
2972 -7880
1747 -7831
998 3933
-6085 901
-9812 -6936
1945 9955
403 -9825
8350 6920
7681 3893
3572 1445
5423 -7344
-6847 5850
-2430 -4487
5449 -4649
-3137 6950
-1868 -6444
-7210 9879
-4275 7509
7532 3361
2130 7720
-9855 -2204
-8605 548
-2029 9745
1188 -628
3637 -5241
-9184 2780
1136 -6031
-1370 8706
3203 -2201
-2222 -9934
-1531 9631
-6378 4980
-6770 3068
2488 -9239
-3572 -1661
8482 -3426
6135 9877
-9158 -5895
-6659 2031
7198 -9302
-9490 8014
3478 1647
-4297 -4172
4073 8906
3628 -8150
-7308 -4183
-8519 35
-9203 -5289
-6898 7006
-4528 3252
-4656 -2326
-6454 -8522
1271 -5612
-696 8333
6419 -3499
9031 -9350
-1765 2509
2297 3938
-7943 -3631
6565 5685
-1780 9257
-4777 3422
-708 -3980
8133 6115
-3254 -2675
3087 2091
5000 6633
7290 -9
-5258 315
-1676 -5119
6816 -2646
-4469 -1228
-6417 7828
-3570 -4359
-5803 -7006
-4954 6138
-4028 269
-441 5264
-9991 -2309
5099 477
