50
-42812 -94717
50198 -43348
37029 53521
-73313 -33884
75583 -90767
26011 -72711
-6403 94427
-99227 85083
-28678 -24561
82627 69281
-31611 -52756
-5450 31760
-99043 -34932
-13710 -8135
-29156 -80834
60144 -44879
51540 10341
11773 -11432
-36139 -34451
-18227 66533
-98128 34874
93822 -4531
29300 21685
-92360 27711
24213 17356
-75920 92602
64600 18630
24361 -7353
83699 37740
84512 81632
56907 -28256
63843 -64465
9174 -97296
-48808 73035
-31746 32965
-33344 -29874
-32162 87568
-7316 24227
9252 -72586
-48063 60554
44770 -96894
53155 -63541
21737 -95395
29106 -67476
42345 -59294
41245 -73660
12451 5087
88965 -78376
7792 -59844
21749 3135
1000
-9330 2195
1646 -3162
1882 9985
-3754 -5769
9928 -8465
1098 6575
4959 6784
8012 196
7751 1713
-8569 -794
9260 -733
3960 8486
-1401 334
-9122 7788
-6231 1027
7985 -1840
-6779 -370
8719 5104
3335 -5036
-6945 3263
-3500 4154
3558 -4821
937 1569
5375 -1313
-2998 6806
7893 -18
-3928 1852
-1532 8392
-4093 -654
6179 -324
-5907 4163
7836 1035
-2487 -9726
-3862 -9152
-4761 2915
7832 5460
-2932 1389
-9362 -8275
-3322 6013
412 3680
6539 2025
-2618 -7390
-2402 5850
-5277 3505
-1084 -9099
-3099 6730
8786 -1543
-2235 19
-1269 7624
867 3970
538 -1302
3150 7606
-6193 3788
9331 485
-200 3463
-2115 -3662
-791 5268
2670 -9473
4838 7393
7753 -2525
-7986 -5347
-5796 -5480
3110 1969
4540 -4439
3314 -873
9532 -6149
-8454 6402
-8543 -4647
190 -5492
9560 -6290
-8308 -2556
3770 4622
-3568 160
5149 -5009
-2448 2901
6187 3287
-8726 -5889
-8472 8105
6081 6068
-6335 3115
-4806 -3083
6966 -3260
-6681 -7857
5815 7230
-3348 5374
-5340 2065
-3462 8430
-3314 6692
2310 -4445
-8318 -6418
-7824 -8411
6870 -6550
-4300 8398
-8446 -4499
8186 -1060
8616 -2900
5858 5582
7562 -7103
7725 3376
-9874 -1903
2470 -5214
-6118 9008
-3063 4289
5699 9247
9844 -8899
-7171 -7981
-7310 -6581
-4531 2112
-4463 744
7613 -6278
9685 9950
822 9263
5531 2104
-7841 6976
-4521 -7715
-1206 7949
792 2676
-9323 7729
-3035 6376
6976 529
-8802 -6475
2549 -2391
-3056 -8262
9721 2481
6204 -8946
9924 9609
-8997 745
8871 -9746
-3430 -8971
7230 2049
-2965 -256
3719 7827
-3859 4396
9277 3106
4492 9973
-2645 5690
-6503 9904
-2980 441
-8358 461
-3358 7846
1515 -3435
-8826 2518
-8970 -9956
6493 -2400
-5206 7444
-6630 5550
-2813 7089
7097 3328
5205 6373
154 -304
6345 7510
-893 9842
-8867 6127
4003 -3504
-3413 -5635
-1938 -8177
930 -764
8062 5682
-720 4555
-6719 7795
1998 -3349
3344 9185
-2540 441
6234 -7336
534 108
6082 -3121
-2383 -4812
441 -1249
-4965 -1835
5247 5343
2530 -2970
7166 -2819
6266 5228
-7138 -4454
-218 -136
-6660 -4500
-9764 -9595
-5316 1417
846 -5362
7803 -8621
4747 3884
1979 -3916
-7208 -3859
4835 -2173
4306 3803
-6831 556
-9168 -5944
-8543 -9182
9284 -5681
-3636 2786
7905 3426
8286 -8139
7552 -3310
3278 -1603
1329 1080
3497 -204
-5037 -803
5880 1476
5338 4436
9303 -357
-1762 -3807
-6081 2791
249 -4623
3609 3253
3417 -6306
-3962 1321
-9160 -1956
6903 8392
4734 181
509 -217
-5019 -5995
9579 3666
6923 5459
-4859 2260
-106 -1835
-4377 -8148
4358 -457
8364 -1673
4920 5693
-4700 -1664
9387 5059
-6622 -6053
-6898 -5999
-7662 7836
4182 2847
1340 -7116
-9427 918
6550 7496
-3624 -4589
-244 9991
3576 5379
-8158 1654
-1358 -6074
-6299 -6439
9620 -999
5619 9006
-5941 -7283
-3326 882
-3282 -988
2439 -5379
-4420 -6222
-2495 -3847
4696 -2225
-2631 -5207
3186 7125
-5217 483
6225 347
-7864 -5134
4273 -441
2149 3892
8560 1488
6619 -3660
4205 -6708
7222 -5357
6025 3381
2985 -8396
7159 -5790
-2243 1855
1985 8848
-9632 -1108
5972 -1128
-6905 5917
-7061 -4769
-5496 7213
8511 -9627
4825 -9209
1861 5164
-2869 -214
8456 -1927
4429 8202
-8546 -2586
9806 -7667
1624 1284
7909 -2670
131 8277
9943 -177
-2851 -6963
-4260 88
1989 3965
1021 500
4338 -433
1291 -81
-5270 -7858
9705 -3093
3936 7854
-4892 9111
-1012 -5087
-8556 -5667
9918 9353
5384 48
7630 5326
9872 -1501
8363 -668
-7693 351
-2983 7050
-9150 -4925
-3384 5862
4994 5067
8004 8419
-8027 5661
9993 -2919
4771 2702
5716 6215
7035 9354
9289 2418
-598 -9362
1464 2994
-863 -174
-3954 5165
-6103 3063
5935 -5252
8138 -3729
-5670 6852
-8662 -3945
5270 -6689
-8285 8983
4114 6486
1684 3550
6422 -1282
2903 5710
-5144 -3975
6348 6320
9019 -795
-134 -4936
-5631 3764
8127 -5975
-7768 9985
296 -3438
6836 1634
2617 5826
8667 4332
4809 2780
4539 -3508
50 960
8932 -7048
-3331 -2492
-1022 -6984
-6172 1717
2221 7415
6782 -9690
1178 8629
-5665 3410
-7666 4632
-6307 9170
-14 6310
8717 -1348
4363 3525
-4848 -1099
-6263 5202
9861 -3611
-8125 250
3898 4574
3266 -8554
-3710 -4514
8861 -3208
-483 3760
-858 3853
-2831 1476
2205 862
4366 -4089
893 3082
4564 -1024
327 -6564
7877 7786
-7641 -8543
-5826 -5766
1707 -8208
8808 -1307
-3041 -1182
7900 -4180
9332 -2584
-6700 -1527
-8732 4190
-6331 7194
-1227 8035
-6895 9666
4838 -8611
-1359 -1115
-5175 238
-3330 -2816
1695 845
5139 -2878
6358 7667
5815 -6683
-3515 7435
2858 -4184
-5150 6158
8010 -3881
347 -8322
-2967 9120
-6567 138
-7495 8271
1527 4867
-2844 -9927
-4896 7547
-2743 -9481
2112 -7604
1362 -1530
-9938 897
1787 268
-1669 -1635
9805 3182
-5478 7814
-6979 8590
-6788 54
-8570 -3354
-6087 -6065
-1363 5440
-7477 9514
5513 1348
7061 -3509
1868 2893
2608 -3050
-8638 6391
7848 6870
-3341 -3822
-4766 184
-6920 3477
-2002 -3899
2067 1210
9877 3497
-8424 -6211
-8848 3935
-7051 -6325
7169 -7817
5024 7950
2395 612
843 -4998
7562 2205
-4887 9130
2796 5493
-971 8030
-4323 2109
1507 3675
-8069 -2706
-1395 -4472
-9210 3903
3038 -4337
1558 9708
3060 -1274
-8110 1804
-3324 8006
-3864 -8761
-3272 -2582
3444 1842
-3452 -40
-2666 5577
-2010 3011
1406 -6783
406 7058
511 -7268
-7415 1301
6635 5623
-9316 -1808
5331 7465
-9362 -9059
-732 -2686
8948 9125
-1447 -4325
-3457 -4282
-8763 3091
5678 -1428
2388 -2612
-4697 -2486
605 5710
-5428 -8885
-7838 878
6137 8797
222 6822
709 -4448
8007 1347
214 -2725
-7618 2882
120 935
-7722 6663
-9627 -6485
3474 9773
2087 -4139
-2840 -8889
7097 7766
-9459 -8332
-7399 -7297
2546 8739
-8501 -7233
9281 5929
2040 7287
-2725 -4025
-1718 -343
8857 8403
-5687 -8866
5065 -1593
-1629 2260
-1821 -5822
8121 9061
-4711 8938
-9454 -4170
-9395 -6853
-1467 6873
-4394 3753
-6640 -5114
-319 9122
-4106 -9323
-4904 7897
4055 -2327
6299 -7912
2529 5085
496 -9101
-2656 -7605
-4923 -815
-8545 4088
-1877 -4278
-6362 2449
-1130 2172
-679 4476
-355 6403
-6917 -6953
5524 -1023
-6276 -9381
-3127 -8501
2013 -3107
-6412 -5459
-4302 7805
-839 6763
-6080 7960
-4053 -903
2047 7791
4819 5685
240 -6312
1577 -6719
-8115 -8778
9684 -5032
-2010 8928
7666 5435
-6733 -1741
6934 5281
5152 -5758
-6458 -9151
-4233 2704
7612 -312
663 -2720
8785 -3570
-1209 7324
-4165 -7249
-8988 7413
-3967 -3382
-7645 -563
5307 345
2086 2972
-4221 5353
-8770 -3567
633 6383
676 4176
-9048 6443
600 -7715
-149 -8738
3286 -1365
-2308 -7924
-4041 3527
-5172 692
4660 4582
-8970 -9265
-2261 6337
1080 9825
-692 -9421
5178 4259
-2987 -469
641 -8591
-6294 5315
-8428 4306
-8680 1424
9289 4606
-9942 701
6682 -262
-2051 -8491
-5850 -3671
9812 -1099
-2935 -2449
-4763 -8135
1096 8266
-7555 -3727
2525 3179
5805 -3114
8309 -6769
-7800 9881
-8742 -6480
1304 -5733
-8154 5084
4969 8529
-1458 -7083
-6242 6414
-754 -6430
-4686 -9969
4842 552
-8103 -4063
-1183 -5658
2211 -4938
-8759 1736
1949 -6730
8688 7870
-6850 -6334
-4889 8176
-2066 -3043
3259 -7098
-4515 -4479
-460 -756
-8066 -7494
6535 970
-7462 1376
-8479 -5565
7313 4059
2498 3244
-7158 7460
-1300 4791
-9271 -2612
2660 -6121
1054 7771
-4225 8988
-5272 -7246
-4390 3934
-1724 5150
-3102 3931
-8623 -6568
-5100 -6085
8529 142
2071 9563
-2078 -5432
2806 764
-7973 -4773
-4446 -3523
6336 -8066
4077 1110
9706 9853
98 -1846
-7394 9429
-7913 882
8300 2707
-1466 9677
6139 3434
-6409 8389
-6424 5662
7951 1498
-6050 4477
-7739 -302
9704 1536
6175 9760
3470 251
870 3175
3824 -5312
-4951 6431
-5884 -2863
1033 -7585
9844 9567
-7909 9703
3001 -597
-8189 -9703
-4936 9762
1795 -986
7960 7777
8712 -8617
-688 8607
-8857 -7219
-1142 2013
9678 -7319
6701 -5274
-7168 -5463
5584 3866
-3047 5427
7153 2765
8851 3874
-7832 -9339
4171 953
-5856 -314
-6312 -7897
-2538 -3880
-2793 -9506
-5273 -1650
-6724 7306
-5917 -3326
-6293 -5496
1400 261
-958 -3016
-5874 9716
-3869 -5001
2480 -1298
8874 8369
3085 6765
-678 7229
-3549 6731
-6948 7634
-3429 259
8129 1298
-7670 -4875
2324 -3587
1799 9753
918 -3081
13 -6320
3903 7860
-6605 -6245
-7142 9596
2457 -4548
7965 -4459
-7783 1007
-3510 2389
1458 -458
3743 8029
-6478 5592
3048 -4148
-5563 -4629
5986 6236
-1156 624
-3124 8857
4304 -5501
6716 -8581
-1746 -6705
-8985 -5568
2468 -7300
3694 8406
3707 -9816
4515 -4836
3447 -1742
-3087 -9311
-6151 9961
262 -1713
-947 -3752
-1757 7897
-9408 8840
-9526 8618
-6661 -9090
-9964 5314
-5795 -8949
9746 -9606
-6249 7161
8800 -8822
-8935 3315
63 4512
-8428 6977
5202 -858
6937 -4537
-8851 -290
5432 3114
-2393 6025
1953 -1919
4642 5292
2712 8399
4327 6918
9451 7793
-8968 -3078
4953 9832
1822 6018
6867 -8116
4251 -7841
-7419 -548
1302 -6761
8636 6172
2949 7789
-715 -5724
3813 -8762
6078 2175
-9750 -1210
573 8298
-572 3744
6091 460
-5613 1043
291 9930
-2939 879
-4466 -4968
3038 -1884
4484 -1940
1355 6840
-5768 -1976
4628 3517
2301 2161
8476 -1622
-1944 -7553
7168 -7650
-9256 -3405
9815 6835
7055 -2078
1599 1067
-2149 -7620
-8055 3386
-2588 4983
-8499 -4384
-6957 6577
-7545 -2725
-5400 -9196
-5488 6901
6686 -3291
-4721 -1537
2877 -3833
813 3621
2763 627
4177 -183
-7730 -504
-5396 121
1876 -3451
-6494 -6992
-4747 -1272
-1376 -1704
-975 4800
9292 7347
9325 -2476
7968 6011
4233 -6754
-5527 830
3135 9007
-5549 -4103
3354 -7652
9435 5624
1844 -5961
-4255 -2560
4309 2972
448 9562
-4579 9072
1578 8167
7592 4590
5513 6917
-7886 3481
2927 -9933
-9553 -8880
898 3582
-6153 9070
-6801 7201
-4862 -7366
6546 6982
394 -7710
-1858 -1577
8983 8590
1706 -1876
-8619 -2996
-3709 8973
-8406 -8197
5889 -2571
5284 2536
1217 9453
7377 -4165
3034 -8777
-1375 6234
8425 3763
-7412 4970
4465 6703
-9020 -7394
-4875 -6317
-8805 -9449
1808 -7424
-2444 8099
-8451 2871
-6378 -8842
-9701 -7373
3695 5237
-7921 1071
-8928 8834
2295 -303
8788 4440
-2819 -8625
3130 -8355
-8202 7831
-2027 645
-8487 2889
1196 3321
9187 -7528
5140 -5544
5343 8763
-4386 9363
-8611 9309
4600 -2811
4101 9393
-3978 -3605
2810 -5190
-5445 9991
-94 7685
-4643 1705
9236 3330
-3930 -9252
-61 7266
7791 -875
-6541 6651
3581 8802
5413 -7084
8165 -9478
-7776 6485
1432 -9955
5877 7455
-3560 2407
-4015 4716
2398 9612
6121 -8525
5037 5356
8526 -8894
9826 -1536
-7907 7616
7590 -4448
4266 4891
-1926 3400
7807 -3762
7643 -6248
-3557 -925
-6203 -7681
250 3959
8448 9956
-1326 845
9567 -1484
6041 4604
-6129 4566
9431 -6304
-6971 -8477
-4968 -5661
796 -6981
9231 8871
-9861 7037
-1171 7782
-5491 5273
577 -1693
-8688 -9174
-7735 9760
-9219 4660
4325 -5931
-6825 365
-7607 768
-1349 -8177
8185 1681
-2932 -6783
9741 7864
-43 8971
6734 96
9729 -4437
1598 -5763
-5444 -7825
2544 -4132
-3278 8530
-4372 -2496
3190 -6327
5294 -9915
4039 7687
853 -3590
9510 -962
8091 -3423
5976 7832
-1838 -4068
-9478 -5105
9749 -9750
4179 1346
-1791 -7545
7242 -5527
-1676 -6036
-6997 7673
5189 9914
-8655 482
9999 9105
-1832 4573
-4485 -2323
-6390 -2674
7976 -6694
-1122 -3863
2959 3122
4753 2707
7093 2653
-2227 -4699
5108 -4985
-225 -2848
-1021 6499
-5176 -2112
-9868 -109
8370 -9870
2716 -3463
8424 -8049
7935 -7967
-722 9631
-940 -8124
-512 -7982
4998 -5759
8446 5812
-9386 -3781
-8888 5722
4955 4608
-7126 -2346
4827 1419
5542 4959
-4970 7632
8811 7747
-5832 7234
9698 -4177
-7012 2696
-4546 2048
8294 4942
4067 7012
-7097 2512
2823 -6483
-7549 7657
-7040 -8874
2264 -4166
2501 812
-9027 1763
-4230 -3996
-606 -5420
-2529 3562
-4465 -2832
-6894 -1477
-6415 -1440
-9430 -8122
