50
-60375 -10425
-33630 24286
47999 -69932
14373 -21967
-95693 22285
8082 36704
10860 50340
-29262 19961
-50444 80087
85154 -74799
84169 90369
65912 -470
-81518 42546
44345 84176
62323 86753
-18190 29038
-23673 -24730
-46677 51416
5338 67696
-70552 -63266
-82931 -35381
527 -44981
-85042 71266
74980 91605
51352 60133
43895 -37390
-22410 9806
62140 -3928
79441 -66426
-92664 -31147
-79674 -10853
97891 -76257
64417 -48787
2248 96844
45998 31696
-66422 -9843
96316 34105
45176 38363
5370 -52756
29967 83812
34467 -26139
-53579 -87944
10756 35650
-64782 -9803
69224 -57446
-13861 16640
31701 -15971
-32528 -76794
-37669 69720
-79950 35418
1000
4601 5279
-2891 -3631
-7757 7610
7732 6400
-7818 3821
5763 6808
-9499 -1416
5757 -5027
-2071 3713
805 -7550
-4354 -341
226 1902
-4217 1593
-3541 -641
-1349 2406
2766 -3028
1405 9875
7063 3648
7485 4794
3768 -6613
2335 3251
-9806 2836
-8166 9672
-8470 3485
3385 6056
5935 9031
-4285 -119
4653 1498
-4806 -8889
-9143 7566
7238 7344
-1742 2363
-9062 -4680
-3989 -7857
-6166 -6501
-4470 9891
6751 -555
6447 -7695
-883 7977
5790 -3778
4033 5445
-1027 -6532
-4675 -6375
4966 4240
-1542 9544
1805 -584
-9393 -9937
-8221 -8454
-896 -2210
-6311 6660
5010 2941
6550 1760
-7615 2996
4066 5223
4694 3576
-8556 2447
2742 417
5915 -8213
4043 4601
6028 -7500
7866 -2168
5637 8473
1616 7416
-9982 -5559
-1074 -2571
-8900 -6064
-9631 -8630
9417 -3525
8087 7203
-8302 6501
779 -6858
-1053 -6480
7281 -1418
-4693 1323
-6817 -4945
7544 -8952
6609 3180
-6759 1945
596 -6740
6386 -6758
4410 -8794
-2822 8500
-3703 -3405
-5026 -5616
-6203 393
-9116 8297
3536 3553
-4463 816
-7866 4566
-4141 -962
9621 -2877
86 6229
-5977 7049
-1826 4619
-5971 -1720
7862 8439
-513 -1240
-9342 5784
5355 -4368
-6112 -7127
6026 -1506
-8831 3282
-7954 -3293
-2182 -5820
-8728 3677
3219 -9108
-5480 -2975
-9158 -1457
-5927 2737
-3117 -1898
-8984 -1535
261 503
7225 919
8 6301
-9728 3896
9174 -9982
-3890 -9658
3300 -1844
770 -5162
6058 5763
-7765 2997
6656 -3245
-9979 -8782
5298 -2184
3955 -7820
9639 4971
645 3621
-805 1591
-5461 -7077
-2109 -1468
6819 -2936
-1450 -3350
1127 -4430
4806 -4382
408 863
-8620 2643
-6141 -8244
-6882 -2398
-7026 -7863
9139 -9351
-1962 8777
5621 -7596
6118 -1464
3995 -9343
1459 -8115
-811 1998
2670 -8540
8648 -2483
-2970 3454
3135 -8841
-1963 4516
7523 5618
6272 -9359
-6781 -7033
-3501 -3922
-6384 4537
-1425 -7043
6941 -5307
1493 935
-929 -3328
6541 8260
8671 2931
-6560 7318
-9552 4192
4492 7304
5351 -3750
5540 2873
-8133 1812
7235 -1193
8500 -6267
4885 -7885
8271 -6541
-1206 5211
-1848 -5993
-133 7223
680 -3593
9204 -650
-6941 -7357
388 -2772
6835 -5120
-5469 5906
1130 -9929
2500 6718
5604 -266
-4476 7824
7189 -9592
-6341 5459
-6133 2453
4390 5741
6461 -2023
6684 -2860
8106 5887
-9790 -8836
-7749 598
-1608 -7194
5478 2923
8713 328
6715 4933
-2955 6039
-5334 2569
3862 -8146
6698 7522
-8967 -5714
-26 9145
-9974 -3566
-2879 6710
7295 -1053
6318 7505
111 -7711
-1897 8503
-4905 -2699
5147 -2472
-8650 5582
-7540 -1605
1621 848
-5315 -4518
6423 -4897
-6997 -8823
-611 6699
-9679 3136
-6868 1163
3567 -5852
-6169 -116
-8348 3942
2173 3476
6166 -9012
-5502 5033
-1483 -4152
614 4698
7964 -4045
-4455 -3631
1438 -4311
1473 8162
-3134 -9139
4860 908
7719 -8287
-4209 1285
-4139 -378
-8832 1234
-6436 7062
-1569 -6550
8050 2929
8483 287
8777 2817
-1294 6740
8773 7972
-6891 3931
-6340 4582
2092 526
9164 -3048
-4846 6882
2386 946
-1834 -8033
-9433 3055
3201 -2148
3837 -8369
1302 5608
8281 3505
-385 7057
-3678 8321
7518 -1185
-9987 -9374
-7255 -6327
8929 4837
7921 -8188
-4491 -6926
8695 7895
7741 581
9862 8309
-2643 6784
-3840 -8807
-7865 -8817
6801 -9584
4688 -3584
-8807 -5270
-1543 8711
3545 -1530
9337 6290
5865 -8015
4848 7506
-6202 -5923
-9421 -3787
-4307 8321
-9486 -725
-9651 -2129
-3942 230
2786 1915
1413 -414
2331 -178
9723 3524
4552 1901
5956 1818
-5909 9013
-1893 9956
-9002 -3325
7461 -1483
753 -8239
4730 -9834
-6198 5244
-559 -5849
-3164 5500
4381 9622
1135 -485
2928 -6535
9337 6372
-9291 3888
-1728 6665
-4295 6084
9399 7534
9761 -9604
-2071 -9059
-1087 -7598
-7298 -2637
-7432 225
-3673 5731
4376 3163
4951 2478
6505 -3915
-8008 -567
3271 -4951
-4196 3980
-7343 7797
4366 2084
7601 3764
-383 7361
7881 -8734
8303 514
-2610 -5275
7877 -42
4951 -5797
-4312 3047
-8913 -5641
-755 7592
444 4958
745 -6286
-9994 6549
-8585 -7336
8066 5781
4748 9388
3265 -1915
6748 4866
-649 8771
-4621 6741
-2783 -6745
420 -7833
1179 9829
8935 5987
-5812 -1820
3579 8353
-6863 -5677
-7933 -3135
-5407 -6518
-471 -3621
-7017 -5724
-4234 6248
6082 -3765
1113 -4568
-4995 -9788
-4106 2222
-2812 -9966
8110 8367
-6417 -9235
4354 1492
2666 1653
-155 9524
9697 1912
-3612 -1990
5394 5917
4390 8377
-6087 -6124
8345 9995
111 3178
-852 8838
3390 8763
4780 -9423
8797 2890
-7336 -3900
3655 -9262
7593 41
2391 1158
-436 5809
-6931 5953
-6182 -7817
5590 -8072
-5720 9504
-4195 -3655
-6782 9637
-6757 2366
-7806 6633
1128 6975
-9070 3645
3585 -6406
9746 960
-1946 -8942
-9000 -9556
2216 564
9974 9006
-3484 -2487
-5091 -4173
-559 2910
-4670 8967
-7025 2269
8604 -3782
-5365 -5482
-7150 9484
-8508 -2499
6850 5077
1095 -9685
-3964 9149
-8627 -2964
-6686 7310
-8679 -2992
-9965 1558
4521 -1335
7385 -6038
-8426 -3565
-7072 -1730
8705 -4748
4488 -2940
3492 -8942
-3457 4984
-1441 -6608
3782 -6626
-6293 -6462
-7477 -1199
575 -442
-169 5617
6566 3587
-2826 4808
-7749 -5441
8770 -2454
994 -4582
5816 -302
4392 303
6758 -2117
1361 -2978
-3413 -6360
4135 -9632
-2985 -8437
-6093 3259
364 8203
-7184 -6084
3819 -6898
7503 -9008
-8370 -6525
-728 -5880
1021 -9734
-461 558
3685 -2349
-5419 443
9255 9664
-8815 -438
-6697 5320
-69 318
6883 7559
-6424 968
9482 113
4884 7021
6937 6107
-8267 8567
9582 1006
-7313 4324
4993 5947
-5119 -1323
-2682 -538
-7160 293
-875 -5975
9855 2429
-6934 3506
-3533 9949
4785 44
4637 4266
-6123 -480
5007 -5466
-652 6741
-3178 -1071
-2254 3230
-6748 -3541
2897 1854
5136 -9786
-8684 -8303
4228 441
-4278 4082
-3410 -1212
1309 3058
2458 -3907
-3178 -2906
-5920 4420
-9665 9087
8955 3404
5827 -503
-7668 -2707
-7274 -694
7473 9344
-8841 2609
-6722 -3804
4306 7506
6638 -6252
5308 -3052
6258 -3384
-9995 2436
2710 548
9530 -9490
-5032 -6415
9597 -2357
6989 9145
7140 -6958
158 -6414
2348 -2369
-7071 7228
-6040 -3793
-6576 -8014
-2567 -6218
-4266 -7260
730 -4288
-643 4457
8148 -4213
-4996 -8602
-3703 3693
-1296 -386
-4944 -4307
-1242 -4084
2456 -7363
-498 -5197
268 6152
-4249 4228
-3921 2896
6214 3512
6678 -4332
6253 1129
1381 -670
-4415 3249
5117 4310
8368 -4866
-1997 -2928
8469 3059
2765 948
8976 -4780
3585 2198
3744 -6148
2071 -6785
-8200 8150
6112 8014
1662 6510
-2598 1635
-2362 8783
-9036 3223
5753 9802
-2467 4120
-5065 9257
-8809 -6597
6036 7677
4351 8732
-3383 1656
4651 -5919
5508 -3279
-2703 -8972
-5130 -2871
9042 -9748
-6362 165
1887 1277
-1053 2851
-1780 -1580
6373 9474
-7460 -8693
8730 -2548
-1568 4766
-1150 -3497
7218 5467
8160 1868
9549 7388
8589 566
8417 -2820
7695 -8822
-2568 -4947
1343 9320
6330 -5989
5891 -1729
2431 5985
-2256 8692
7292 -3526
-135 -556
-5040 8715
9669 -7823
4181 7828
7767 7450
8936 6355
-1985 7352
-6466 -570
-7749 967
4484 7315
4007 4534
-8675 3618
-7196 7478
-398 4270
9890 615
-5536 -246
-6221 -576
2189 -6553
5322 91
-8726 3088
-2460 -6069
3164 9277
-4997 6698
2427 -2746
1385 631
-5431 -888
-1114 -385
-3549 1690
-2908 6053
-320 703
388 4144
-5823 4168
-2712 6367
7615 -3669
-3543 -7390
-6861 7718
-3459 6303
-9286 1544
6722 6863
-7481 -1894
-2507 809
-9061 6379
-9577 -2610
1790 1237
-2837 -4810
-8061 7552
9335 -3884
5440 -3378
-3797 6775
6674 6381
9385 9814
7820 -354
6116 -7746
-5089 6558
9117 -2570
-1615 331
-8041 -676
430 -7618
6714 -7781
7340 -2403
-2590 9279
-1131 465
-884 -5692
-9193 9040
-8917 7482
5421 -5812
7295 6961
3835 7131
9215 -7534
3689 8332
3617 -4206
-1338 5576
5118 9092
-8322 5552
-4968 9019
-6852 6163
-7983 2018
-3373 1133
-9954 1155
173 -8871
-1364 -686
-961 -349
-3726 -7127
503 -4512
-940 -2088
-2460 -7324
3706 9923
8252 -1177
-7265 -6350
-5626 -2233
-7332 1243
-2350 -5314
-6740 7998
9540 -6693
-848 3433
-1843 -8491
-7254 7196
1160 2741
-6211 -4617
8230 2849
3295 -510
9246 -3000
-587 -8783
9544 5869
-5132 -2362
-2644 -2464
8882 5006
2222 -4138
6724 1762
2890 -404
-4806 -8953
1105 1662
-8037 -4014
-5598 -526
1369 -3648
-3957 -1615
9564 -4711
5385 2697
-3494 4929
-1435 1374
-7434 5921
-7369 -4832
926 8574
1031 -2351
4056 -2359
7245 9251
2409 2071
4633 4373
8057 -7245
-2433 3146
2829 3610
-8470 2392
8899 -9364
-4912 -874
9286 3653
-9501 -4428
-427 -3149
741 -5781
-4575 -4508
5589 9481
3133 6554
-7549 -4458
-1376 7084
-6365 401
-6440 1202
-2732 6389
-5189 -1202
-1220 -2569
3155 7589
6557 2440
1241 -9224
8013 -5466
-2372 2474
-1247 3053
7966 -5659
6254 1098
-9106 8706
-9640 3240
9510 -2284
-6360 -6931
8918 4629
-6822 -2550
-6573 5679
4881 -9698
3267 5158
2743 -1772
5934 4476
2762 -2718
-3051 -8486
-5945 -5086
-424 -9691
9733 4192
-7265 -6186
-2569 -7756
1530 4792
-965 448
-579 5934
-8382 6569
1613 -9781
6871 -5121
5377 3334
3108 5031
-2191 -410
-7687 4758
1105 89
-6608 -5599
398 -6875
8593 6854
-3061 -256
-7181 -7811
-5464 5575
6358 7678
1508 7976
4246 -6880
8195 4837
1721 7292
-1829 -1451
2323 5980
8139 8357
4459 2964
-1555 7851
7366 -7436
-5304 9679
-6862 5356
-577 -4043
7546 7680
-8469 7624
5357 3040
5600 3323
9881 7515
-1841 5322
8528 -9950
-6130 4571
9752 -7991
6648 4210
8694 -1187
5781 9780
1377 -5802
9459 8237
-6726 2602
-5807 -5460
281 -554
-7836 -642
-3794 7764
-3599 -3914
8999 4560
-8592 7526
8332 -1001
5817 8083
1008 2464
6013 3423
-8723 1793
3202 6375
9712 2660
4611 -7014
-1018 8805
-2474 9263
1971 -310
2341 8177
1174 8742
-2017 173
7023 -609
1419 9075
8391 -2764
7157 3119
9700 3169
262 -9024
-1318 -6536
-8928 -1606
6124 5683
5101 -1173
8208 -3653
1810 178
6038 -5849
-1646 932
-3387 6338
-5175 -2644
-551 9966
-3570 1560
-2799 -6414
-1600 621
-9525 8662
5319 2879
-7875 6391
-5007 -8030
5794 -9907
797 4002
-3560 -7394
-5821 -3802
478 2534
-9149 7092
2592 -4324
-1832 -7960
-4359 4599
3601 6563
-8095 -8000
905 -3898
-5618 -3777
8981 -3492
-3666 -6027
-1522 -7873
-2213 -7005
9850 4227
-4399 -5971
-5854 6080
-9717 -5003
6892 2875
4394 -1220
8636 -9965
-2901 5957
-9682 -995
-8323 1223
8828 -3940
-8834 7808
6289 1221
-4499 -5234
3349 3288
1482 6919
1235 7083
-9053 9102
6883 -5049
-2181 7495
-8454 -7787
-3725 -9818
-7752 3374
6139 -7434
-3901 -8463
3790 -1353
-2403 8677
175 -6115
-102 5676
2372 -3033
2684 -6147
-6115 -2360
-5344 -5167
-3259 -4740
-216 4561
-3525 5052
6774 6471
5234 -7258
3566 5093
-971 9665
6630 -3461
-1688 -2053
-4784 8487
5553 5114
7884 -2076
-7920 4288
5498 -4035
-8073 -6125
4519 2390
2856 -1976
671 9331
-6925 1165
5802 8309
3907 -633
7122 -7065
2752 3752
-525 -5216
-4581 4691
-3008 -9028
3525 -1404
2617 5605
-7117 -1885
-8431 -5189
5711 9810
-9079 -1434
-2167 1592
-2104 908
-7244 -2582
2937 -9617
-9495 58
-6682 3258
-2470 6514
-8238 2950
4925 -1246
7643 -1551
7350 259
-2226 -9767
-7906 3065
-1235 7805
2874 -314
-3630 -9294
-5002 7988
5335 -2246
-4595 -1729
-1863 -4089
-7951 5176
-7111 -420
5411 -5349
-3750 335
7127 -6108
-7495 8197
4151 4000
-7850 9967
-2936 4636
7771 -6342
-5679 -2138
-5636 -681
-4151 -6581
-9207 4975
5411 2651
-5394 7461
-2173 1216
761 -6763
5868 7011
7293 6715
-9098 -6482
4911 8774
7519 -9218
8740 -1697
5418 -9769
1962 -6540
1814 -9954
6500 7663
-6534 7294
6358 -7403
-56 -5315
-9943 -8509
5901 818
-1551 5489
1549 -537
2203 6172
2981 835
4946 4220
1617 7406
-3756 755
-8643 8206
4215 3171
-8028 715
4554 -4562
1729 4633
1757 -4607
9318 1814
-3115 5218
-3647 5334
707 7902
-1483 -3370
4074 -8502
