50
68653 -247
-63202 -48164
85708 88296
24090 55223
-43200 -52019
-37232 92336
60826 55924
45219 16287
28396 -21008
12512 82056
93726 20040
73535 87796
-47884 85853
-14795 57586
-21891 51159
33254 73852
-49088 -2859
-74313 -63381
-14564 -23134
18932 -30675
-48063 81700
88750 39852
-35288 -38942
83228 93108
40050 -4261
2252 -39135
-84222 -24213
-51340 94985
-38361 -39046
-20341 -33162
-87887 -87088
-59311 90115
-62858 93466
53823 -50332
97421 -27246
18993 76447
-45546 -65168
16299 -53745
-4110 -73385
-60637 63029
22355 41615
-76107 -34778
-82599 -27446
-39794 -93870
33508 39865
-27032 -27290
-20134 -59254
-37176 -55902
-65789 -83353
-6234 58721
1000
228 1043
3854 -8626
-9341 7762
-6305 -408
5106 -9484
-2801 -8913
5192 -2430
-6294 -4720
3569 1959
1284 5664
9256 -8823
3251 -7139
-3587 -2587
-8038 -9227
9080 -812
7564 3028
-9769 1417
8124 -5389
2899 -8182
4204 -1995
-7666 -4877
2813 -8754
2693 -9761
-3474 -17
2199 -8470
-4354 5175
-3572 -7383
8036 2841
30 -6281
3614 -891
2907 1178
-4142 3138
-3685 -6019
7750 9215
-4201 5674
940 1854
-9204 -6248
3100 7210
-2287 -6653
-2808 -6368
-5123 2838
8807 5027
9177 6842
-2133 -794
-5719 -4798
-7964 7189
6380 -2106
4047 -3585
1875 5517
-4371 -8606
1190 6569
3248 5707
-5958 68
2917 1755
7136 -6171
5387 -4266
6668 4193
-9240 9565
4755 -1373
-1230 -7243
3829 4527
9946 3929
-7580 7713
-9656 4295
3230 -306
5689 -1860
-16 2657
-6153 4026
-3554 -9516
-499 -6419
-5687 -1392
3036 -5299
-3479 3796
-5735 -5004
-3856 6757
-2247 -6307
1283 1419
-8657 3704
-868 -8313
1719 -7639
5102 1129
4222 -4915
-2494 8069
-7169 3952
-7727 6053
-8746 308
-5340 4290
5009 4902
1807 -7005
9899 7951
9752 -2349
-8357 4755
9071 -3293
2179 1923
-1606 -6102
8005 -2783
8748 2226
2302 -3747
4016 8855
-6074 6289
4907 -1099
-3404 -6712
-3089 -4674
8190 8718
-1679 8088
-9612 1793
-540 -4247
-3453 2251
2460 8727
-5827 -9146
-3655 -7823
1792 -4908
4403 -5907
5066 -1582
-3332 -7288
-1572 -4704
1613 8745
-1416 8525
-5930 -3227
7242 6112
-1418 -8649
1625 -8238
-2896 8173
4013 9564
-9381 8186
-5862 685
-5917 5930
9498 -7794
-6256 4563
4346 412
7276 -7227
5708 2609
-4762 -1988
1133 -691
8507 2096
-859 -2912
3447 -9234
-1150 -9450
-7341 -7138
-9887 -3001
-5232 -5748
7684 2572
-6098 7181
4778 -2354
5464 -877
8059 6460
1896 7487
-931 -9145
-4501 -6078
3885 -5995
6018 -6975
4814 3185
-2488 -2616
7456 171
3967 -8710
-9110 8735
-737 8574
1306 3165
9475 -196
-9189 8660
8928 -7410
5119 4544
-6203 -2092
5399 3017
1831 -717
7022 1569
2309 5556
-5246 -6459
-7061 -4070
7434 6906
-2780 8324
9361 6483
-9382 4387
3369 -6187
-5809 4180
-7528 -6882
-9510 -8688
-8618 -5713
2941 6782
7305 -5229
-3936 8047
-9939 -7907
7324 -5185
-644 -9738
4466 -3211
-9111 -8314
-4888 -9751
-8111 -4270
8358 5258
3265 -7452
-563 5737
-613 3648
-9231 4490
7936 3711
1271 8961
-7798 -8944
-9273 -7737
-3130 8051
799 6226
-7966 -4735
-6986 -7077
672 -1873
-3107 2561
7578 -4750
-2181 842
1519 -9024
300 -5374
4625 4790
9117 6281
2221 4108
5241 8145
5164 9689
-9593 -7966
-8540 4928
-8020 -6506
-6087 -5005
138 4585
6843 -9249
-2855 8141
-3998 4964
2704 -8759
5941 -6997
-4132 4286
-8487 -1295
566 7456
-7188 -473
5600 7977
-785 6007
-6269 4396
4655 -4289
7890 8568
4427 1748
3152 4990
2500 -9703
3131 -7778
8982 -4166
-6537 8643
2558 3052
6649 7792
-4523 -2786
5247 -1710
-9539 846
-13 3398
574 7439
-2207 -4772
-6851 -4317
-6204 -8703
-8849 -9332
6287 3651
-5314 -583
5873 -6332
8972 -6943
-3969 1529
9830 -7320
-679 -4693
3615 -1712
7318 4077
9135 -2696
-2526 -292
-5258 5267
4936 1612
-5330 -7548
2909 -457
-6879 2917
-6807 -2193
-7667 -7213
5196 -4974
-435 -8773
-9725 -606
-2372 3317
8422 -8758
-8395 5739
9040 -9261
-6958 234
447 1505
-4499 -897
-6883 3892
1556 9747
-6566 4677
2663 349
-3796 8718
3136 -8600
-2536 -3579
-3652 -2261
5815 3976
-8944 4237
8939 -7339
3696 7979
-6600 -9541
-1788 7568
1964 7434
-3330 8802
5047 -8054
8549 -7799
6623 4932
2550 -7173
7370 -594
-5773 -5167
5827 4296
2573 5363
-1729 3629
3320 -2791
-9990 -2985
-1092 -2869
-2526 7121
-5302 -6841
8275 5089
-8040 3321
7036 -5771
5523 7379
-7118 1793
-9795 -6028
-8801 -1847
-1194 -9254
-7552 -8622
6109 4440
8728 -572
-8351 -7542
6444 4278
-411 -2362
1398 8008
4518 -327
6817 -9801
-3286 3852
-1851 -7764
1231 1031
4030 5157
5004 8950
-2969 -2470
9696 3200
2629 5805
-2360 5077
-1047 3010
7535 -883
-2713 844
6756 -7594
-1149 4994
5800 -4333
5193 -7487
-6760 -6658
-5250 8192
8094 -7500
3348 6818
-8551 -5901
-5653 -5135
7300 6976
-5610 -1340
2052 3344
-4610 3307
-7540 2677
-5850 -7064
8804 6722
7931 4603
-3890 3123
7117 3071
-9815 -4413
1262 8280
1808 -1670
8818 6978
2430 -6835
-8158 3450
-6139 -46
-7891 5914
-6703 1220
2941 -4243
-2383 7092
2415 -3579
7534 345
-5256 -6357
-2812 -8140
6714 1095
1168 -2025
3095 -3304
-9974 1912
-6327 2456
5077 -763
-4095 8939
9191 1735
8573 -7513
-3325 1513
1965 4292
2325 -5621
-5567 -141
8445 -822
3502 -646
4759 3937
-5831 -4073
-4368 7264
2623 -4342
2896 -9983
-8166 -2027
-746 -2261
632 -1556
-6806 2925
4652 3590
-5563 337
-2118 -9517
4717 2315
342 6882
-8508 -2436
-44 6252
-4779 7846
-4101 854
5109 -7758
6512 -1995
-7741 8347
9699 5234
-194 4051
-2602 6722
-3025 -7951
311 5133
2387 -8087
5616 824
4229 -322
1426 9442
7243 -4897
9414 -7537
-7052 -967
7038 8058
1276 7271
-217 7256
9338 3202
2490 2864
-2748 -6392
-415 7948
-4342 -6383
3080 8045
-749 2417
2589 -6521
-4185 -5986
-3358 -6943
-883 -224
-758 5787
8810 0
7565 3806
-2730 -2653
1061 -3393
-9452 -2729
9472 1521
880 2777
-532 -9742
-9886 -3732
-7977 -634
8685 4612
6566 -5500
-7654 -6793
1278 5185
6705 -5760
971 5514
4241 -1465
-681 -4769
9603 -5900
1839 -6129
5093 5031
5392 -307
1528 -1420
3672 1643
4848 5695
-8992 7254
4027 -8706
-4526 -9907
-1777 6752
5278 -5073
-5287 -31
-5839 -7326
-7776 7201
-2095 -8174
-4979 -6536
-582 -9887
-7785 -5191
3527 3744
3389 919
-893 1958
-3387 3836
-789 -5640
5130 4685
-5546 -6648
5157 -6548
-1721 9870
3422 6161
-3736 5646
3361 4170
-8807 8383
7634 611
-7784 -6430
9142 5744
7314 6251
383 -3580
-1792 6997
-9745 -8861
-4923 5385
5824 -469
-7542 4702
2984 4458
8292 126
619 -5444
-4229 -6021
8726 685
-7639 -9921
-8704 -1701
-6351 -5842
-5958 -5317
-9592 8146
4824 2338
5142 5079
3477 -6060
4185 3022
3471 -9637
-2277 -3546
4821 -265
6580 -840
4291 -3928
3140 6737
6757 9222
-9463 -8227
-2480 -2093
-4069 5283
2591 61
3429 -2586
-7602 2291
-3786 9596
6231 -5881
2617 3423
-5518 -5940
-6403 -6977
3796 -6102
2184 -1914
-30 -956
-1456 447
1986 -919
5942 -6773
-9292 -4407
8510 7020
9375 5659
-1845 -8228
1671 4369
-8632 -2099
-7792 7706
-8677 411
-8234 -1358
3434 5562
2540 -662
-2632 -3770
-7898 9633
-9603 4089
2434 6339
7316 3143
-4347 9546
162 -4973
5205 8317
521 -3125
6406 5610
8497 8614
3315 -6459
2745 5081
2183 -3821
4363 -5278
9238 -8269
952 -8660
-4916 5070
5429 7519
1409 2744
661 -9218
2289 -5457
-4191 1214
-3419 -9950
8089 -7014
5660 -9694
-4679 -1025
-6153 8066
-5945 6030
-2035 -7861
-5528 -2797
-2409 9145
-1457 2675
4214 -2308
193 -657
-9565 -5426
125 6445
2839 9656
-2341 9420
9706 -532
-3874 5366
-226 5168
-1939 7342
6955 5837
7092 -5081
7976 -4716
5843 -4434
-5572 -1894
-8038 -7637
5798 2155
5427 9954
-9550 -4448
-9881 7010
-1072 -2222
-9851 2354
-9034 -3725
1440 4462
-4836 9501
1803 -7882
9059 -1105
758 7034
4179 322
-3679 -7672
8428 -1717
-1588 7947
-5842 -6162
7900 -1671
3111 8019
-4662 -7962
-483 -4513
4393 4205
5484 -447
-1334 -9353
-946 -9532
-3514 -1888
3084 -9036
-1134 984
1286 5187
7033 3435
-2810 -4556
1381 1349
-718 -720
9678 -7607
1020 -1263
-5569 -9464
4224 -7456
4741 -293
2098 -2873
4075 -5128
1317 -5719
6705 -5600
-4754 -4430
9105 6532
-5522 6137
-34 1668
-8420 -8654
-3263 863
4348 -3585
3256 -4633
8873 -8593
-376 3096
-2327 -1914
-3476 -6509
5213 -5681
-1637 -3471
-1399 -1212
4651 3847
8079 3755
4099 -3723
-108 -5935
7946 1472
-868 -1597
-3945 -6521
8539 9311
2567 7411
-5561 -4088
507 2112
7719 -9249
5603 6652
-4930 -2314
-6819 7392
-9806 -8448
1238 8273
9028 -4663
-5450 -1081
3123 -3784
-5888 -7746
4619 167
-545 3158
3199 -4258
568 -8642
5375 -5205
3470 3093
-4454 2793
-255 4338
-5801 6647
1729 -1886
-8081 -3312
-3614 -9054
2025 4657
-134 -4853
-9128 7699
1122 9213
-2135 -5703
2370 -5216
40 -3342
-3858 -4586
1454 -6668
-7772 -9280
9846 5694
8779 -2235
2340 4229
5879 4259
-9084 -7735
8926 6662
-9358 -1209
-4471 -4764
210 6651
-5552 -8204
-9052 -9462
-3420 4709
-2804 6444
-6157 -7630
9776 -3929
-3188 -6658
-8236 -4410
1107 7825
9819 -3014
5804 -9266
2972 4730
-8884 7335
-2759 -3355
-7430 7452
-6704 -2982
9248 -2035
1277 -452
-7327 -7806
-4009 237
-5436 -512
6309 1376
2830 -8207
-9313 -2343
-6661 -5774
4643 9143
-1318 1335
7593 -202
-1330 -5166
6444 4961
-3994 -6540
-4300 -4747
1425 6977
8522 7819
9171 -5487
-1945 -6265
4001 -1916
8832 551
3599 -6761
8208 6938
-2534 6572
9801 6148
1627 7394
-334 -5983
-4052 -3891
8979 1954
-431 -5322
-9073 -5286
-8346 9449
-7468 -5454
-2318 4309
2002 -4597
-3887 833
5954 9712
7794 7883
-9631 -1020
8175 -6109
-4873 -199
-8716 4793
3819 953
-5377 2797
-7094 4192
7475 -2446
-7373 -7151
-2998 -4841
-2605 8406
-6812 9397
-6192 -698
3951 -6517
2734 5465
-4914 6825
-5556 -6740
-9285 -429
3061 -8001
-1916 -3121
2952 6428
-6604 9579
4341 -9130
-2868 6968
-2559 7855
-4153 8557
9981 -964
7954 -6211
-7942 5625
993 4792
1089 6079
5337 5533
9339 6052
-1176 2399
-8229 -9372
-7001 8444
7057 -3605
8022 5118
987 -1126
2085 8428
450 7932
6984 430
688 8658
7940 2746
8003 -1068
1259 -909
-1269 -3405
-1656 -1931
-7353 7168
-5811 -5582
-8483 -2812
-7138 -7706
7304 -5396
7412 -1710
3479 -504
438 -2351
1148 -2578
-8201 -8164
-200 9740
4582 -2197
2392 -439
-9386 -8877
6157 -1041
2913 -7476
-153 -9178
-3058 5085
-1990 3525
7379 -4686
8130 4790
7325 5329
-1994 -2237
-3302 9155
8906 -1503
-5289 -1295
1957 -6987
-9772 -5651
2575 -9157
-807 -1269
3523 -7895
1255 -2910
-3351 -8083
-7825 4659
9164 9554
-6307 -8987
8065 -5261
6342 -209
2502 -3240
2666 5128
5257 7377
-6168 -2786
-9610 -2218
5284 2965
2346 -5524
-4584 -4132
302 -9609
2958 6951
-7692 5133
5331 -8529
8408 -7256
-7516 -9808
-2517 -7454
-17 -6295
3027 -7351
8833 -1716
-6254 -3614
9219 -2143
4168 4502
-5458 -3487
-7302 -42
6102 3000
349 2780
3672 6379
1634 -998
-8430 41
5467 -2224
233 -7050
322 -6064
-3345 -2930
306 -791
5354 4053
5595 8293
-4370 -238
6515 173
9996 9213
-9870 6097
5933 4201
2597 3325
4300 -5770
-3953 5870
4271 -8486
-6355 -1776
-1815 7689
5882 8561
-5242 -3813
-2231 -6168
-6040 -6637
-7876 -409
3125 8639
9764 6841
-8429 -6386
6658 -8776
7815 -745
4550 5835
3485 -9404
1705 1477
-7890 9071
-6579 295
6759 9303
-1144 -4763
-789 6625
2790 6892
-6291 8635
-3518 -9446
-9007 -34
7396 -7436
3581 4053
-6211 5116
-2972 8339
951 -9487
-7345 -3624
5711 -5234
-4554 9132
8782 -4074
-7845 1358
4884 1366
1704 -2326
1978 5413
-3692 8461
5967 -2698
2147 3362
3587 -4273
1136 -8904
-5436 -8116
-6845 9236
-7603 -4189
-4389 -8172
4298 4778
-5319 3079
-5576 -3164
-5563 9309
-8078 6141
703 3900
5274 -9269
6081 1240
-1967 -1772
-1677 -4659
7676 -6821
-3563 -7761
-4937 -407
-4805 1182
5404 4527
3010 -299
3026 7691
-3500 7450
-1753 4658
-9522 169
4519 1181
-2210 -208
1913 -6130
-8968 -6334
5819 3076
-993 3495
6255 5445
9455 -4962
-1242 -1629
6220 -5839
-7103 2951
7583 5923
4362 -5918
7094 -7391
-7539 7572
6499 6980
2474 -1991
-3228 -5614
5601 -2196
1773 1419
-5400 -5499
-1366 -9146
-6334 -1911
-4108 2424
6460 -4167
-9695 -6923
8784 7888
9001 3145
-4310 6094
9475 -1849
7386 9695
-1148 -141
-2297 5624
7966 -2976
-2852 3460
8444 1748
7961 -2923
2602 -8374
8887 -7786
4050 5346
-1953 8076
-7856 -3170
5963 -8856
-6304 -4627
-9042 -3109
7246 -7936
-3415 -3903
1924 8010
-4559 3610
