50
-86239 -55506
-91574 18377
-52575 58405
375 -14872
4499 -20318
37921 -81326
-96402 41579
-12006 -53840
-96218 99232
77319 69013
-42193 45188
28781 15458
89381 -57300
29057 5631
-5810 -30703
-46154 7952
-59119 -37728
53418 -84605
47767 80882
523 79355
87653 -61557
25118 91252
7112 -86889
64501 -62017
39433 -31092
-93005 97240
-85904 -37135
-60213 30566
-67345 68844
63286 -46066
65230 -82869
-11025 -93890
-93507 -57607
-78494 54260
50364 22029
33614 38017
-12438 85822
-43643 94674
98933 47947
-67344 38365
-83145 66741
-37306 -69049
56695 2481
-11394 89350
-28676 -48109
-56716 -63447
-30977 32259
-57336 -24484
1741 91260
56865 79195
1000
-6247 6706
-5303 -5841
-432 414
-4513 -7613
2970 7299
-6029 -3248
-5146 -9752
8663 -3037
-867 -6531
23 -88
3638 7682
2651 -4022
-8491 -998
-2530 5252
-9193 9372
-9910 -5440
6077 -5213
2441 -634
8922 7928
1753 1892
8948 9445
-7636 -6199
-6586 -8973
4485 2547
-1783 -5492
-7541 -8146
-4090 8831
1553 1140
-2168 9023
113 -1361
-7886 203
6920 8192
8712 -640
-2443 7633
-2712 -6970
3245 -44
-3805 5610
3757 -391
-9643 1963
-7844 2295
6471 -1664
4150 -3899
-2834 -577
7242 4998
-1554 -2646
-2643 560
-8723 -5724
2472 9989
7358 -6251
-8658 -1634
-3221 4587
8322 2975
196 5799
-3696 4274
-2239 -1540
-3431 -5769
6796 -9282
333 -6039
141 1295
8959 -7693
-7631 -3685
6589 -6354
4313 -940
-2644 1670
2810 -1302
-6244 -6691
-6716 -7923
-9996 7202
7876 -3691
1475 -4363
8490 -8236
3589 5286
-7518 -2358
-7033 6345
-7343 -4353
-7628 -4974
5683 8961
2394 -5
1742 9750
-4615 -1728
2168 -859
5302 9173
4939 5307
6374 6536
-4664 1570
-4107 -2454
3334 9482
-7169 9538
845 -4201
9603 3502
1446 -8026
8529 849
-5344 922
-9156 6398
4392 -50
-1610 -3441
-7188 -6309
-548 7751
8998 -4174
8007 -1946
-8884 -6101
5601 8171
-2898 -7848
7708 7947
1672 -8970
5169 -3162
-3274 3697
7688 1382
-1661 -7748
1500 -3549
2202 9890
6731 5014
-6420 -3817
6486 -3701
5730 4492
8074 -9434
-7888 7395
8737 -786
9548 -9835
881 1219
-8805 -3951
-8222 -2079
-6533 9466
-6977 5527
-8283 4523
-8022 7640
4412 -7571
6375 -8287
-1388 6581
-1988 -1938
1072 -194
-1372 6905
-2799 -2635
-3882 -3252
-2470 6999
-8313 2446
-6952 -6535
-9633 236
-3349 -6610
-4238 2089
-8366 1461
-271 9767
3891 -176
-8521 -3777
-3596 3212
4286 -8804
-6982 -3366
8102 219
3999 -5781
-9313 -4751
-5061 -7626
7696 1708
-439 -8217
-8057 9933
-1106 1426
2022 4249
-7113 -4529
4016 6778
9016 5495
-7000 -4581
2428 -8994
-3385 5446
-2359 -1563
-615 -4640
6378 72
610 -8684
6167 2026
6745 -552
7530 8688
-619 144
113 -4877
-5607 6721
4315 8409
3498 3330
7624 -9781
8749 51
-8775 -916
-783 2587
7522 8602
7948 3899
2394 -1443
8936 2282
-5697 5680
-8271 -4447
8088 4831
5697 1921
9954 -9911
-1358 4268
8498 -4140
-2403 9843
-3921 66
3614 1026
-7129 -7169
-6388 -5887
-4847 -8441
-8268 -8732
3837 -9333
3550 -8140
-9933 9000
-2587 -8125
3831 -6890
7517 3784
-6801 -121
1773 -4582
5740 -6910
-1019 -4461
3157 -7406
6565 9749
-4575 -6102
-6139 4300
-4543 -4407
5568 -6985
-19 2838
-5125 3769
1837 2289
5644 -4333
9120 3160
9452 -3961
-6961 1224
5178 -7501
4314 -5842
-1962 1191
-3247 -1676
939 5899
2222 8521
3919 -8601
-2166 -514
-1865 7815
-3956 6732
1583 7882
2741 947
-6452 1860
-2172 -3280
7899 4588
-8336 6798
7087 9700
-9045 -1155
4611 1429
7169 -729
1049 3111
-2209 -5033
8232 5626
8175 87
7161 -5782
-3182 2465
-4180 9559
-6589 3090
1418 1239
-6470 3038
-453 -4805
-165 -3367
-1385 4511
9200 -6775
-4060 6368
6217 6989
3200 -5992
-4324 5152
-6646 -6150
-4762 -9486
1790 2057
2979 7610
1615 -9889
699 -3246
5071 4230
-6488 -5382
-6855 3347
1251 1760
-2143 450
8706 7518
539 4923
8227 -2541
-7349 -6097
-7390 -3995
-2247 1569
240 -6737
-2654 -6781
-9127 -7318
-2949 5293
-564 -7879
-478 2948
-3261 6388
15 -8289
1868 -8408
5882 574
9111 141
-783 7337
7600 1868
-8761 -6070
7873 2714
9221 1833
5977 -3434
5052 -9430
-752 -4177
5864 -7596
-2055 -894
9073 8405
-4506 -913
-9885 7362
680 9719
-2065 3511
-141 7152
847 -2541
2740 5808
5110 4333
-1479 8051
-3834 -1782
-5383 -8783
-1211 7586
762 -5348
9991 8707
3758 9063
-9169 -7028
1871 -9053
-9666 -3729
-9335 1990
9782 524
2863 628
-8297 -4398
156 -9466
9936 -7603
8585 -3899
616 -3078
1039 -6875
-5492 -4479
-2223 -1781
-2052 -4745
1002 -1220
1949 -7128
-273 2283
2864 4113
-2007 2645
-1643 -5424
-3006 3782
3900 7150
8037 7556
9548 6621
-2623 163
-2736 8416
7009 1772
-2342 -5215
9991 5606
3761 4713
-5615 -570
7586 7833
-4567 449
1945 3427
-3185 -5977
-8277 3809
7805 5623
958 5841
3178 4226
6182 -9446
-1891 -2834
-7309 -4883
8938 349
3623 -7352
-4046 1105
7362 340
-9466 8668
1893 -4032
2837 -6162
9395 9652
-2139 -8883
7181 -614
-9539 1860
-1053 3639
-3915 -1151
7915 4195
6016 -9395
-6968 8674
4675 6656
-8678 -9372
-2240 -7596
4689 -1706
-5208 -3418
4262 7629
4141 7377
-8999 -4278
-7785 8182
5108 -7324
41 -2225
-9965 9848
6624 7950
4042 6360
8555 7074
5034 3229
7450 -9924
7579 -4791
-3799 5988
7225 993
-3710 5207
2342 -9570
2584 7064
-127 8520
5246 -1299
-5084 -993
6476 -5049
-1146 6821
-3378 -3384
3180 -1103
-2589 1934
-7874 -5140
2010 -6575
3791 8211
9413 1015
2924 -576
-58 -4734
-146 -3754
-7671 -6552
-5235 -8705
2149 -319
4024 -1375
8354 -3402
-834 -5025
3215 -7655
7593 -5654
4280 9719
2927 10
-3136 -3283
1942 -2
-8548 -5135
9422 1395
3852 2996
7641 9903
6444 -3873
-5082 -1407
9529 8942
-9062 -8398
-4460 104
298 -7525
6170 -2109
-3179 4170
1330 9748
-5820 8195
186 6122
-1808 5359
-5293 1334
474 8560
-5671 1836
-7818 -5506
7963 -2900
6808 -8789
-3958 7746
-7186 5303
1570 3112
7778 1460
-5277 -1681
-4370 6054
1787 3531
4248 -4307
3373 -3840
-8948 8080
-8786 5247
-9641 -736
-2918 -7459
3758 -1235
-358 4286
-23 9405
5752 6512
8428 -2679
-377 6205
-7498 8068
-1756 1853
4121 -9970
-896 2089
-555 -7524
-8031 4218
-5724 -6817
-536 -5364
2447 6547
898 -74
-4689 -5740
-5789 9009
-2615 9964
5520 -4188
1005 -1136
-4263 7228
-3069 3981
-920 -8949
7733 8184
6861 -2823
-5620 8830
-8606 -1343
-4267 4579
7014 8180
1125 1632
1826 -9843
5893 9759
9166 -3002
-6558 8407
2811 8168
-2730 8548
5396 7922
6250 -1804
8973 3982
-3620 9554
-5121 4481
8383 -6
-3142 -5885
-5428 -6129
-3985 9419
9225 -8438
9576 8838
-8680 -7539
-4165 -5238
-5412 8646
-7071 1858
7194 -7955
-221 7164
242 2472
1145 -9658
2025 9745
4823 4128
3459 -8319
-8037 8031
-727 -2021
-8831 2218
-459 -9256
1055 4582
-3073 6891
9344 1515
9257 -4007
-2906 -9830
-1961 -9407
7334 -7999
6787 2199
-7657 2532
1943 -9114
-3340 -4599
-3712 -1377
-2847 5562
-9678 -1678
1500 3584
2788 -7445
-1835 -6565
-6834 -2492
8671 -3857
7223 -4236
-3686 -1018
79 -6353
983 -3135
9568 7047
9397 1510
7933 -223
-9368 -5779
-7879 -2215
-6497 -3836
9828 5003
9749 2615
-8722 -2087
9771 -5556
5422 8442
588 6365
-5795 -9378
-4654 4284
-2010 6329
-5131 -2443
7096 -2013
9068 5028
7764 -6580
9249 -6395
1205 -3528
-230 4753
-4804 -482
-2632 -3526
7431 -2862
4640 6573
-700 -1052
2937 3506
-430 -7997
1510 7560
-7948 -9900
-4883 9148
-1913 -2095
4176 -429
1325 7145
3177 -3750
-2662 -7054
-8998 2534
6185 2091
9008 3615
-7050 3647
3909 2250
-3685 566
-524 5885
2570 -5293
7166 8343
-5193 -3997
7491 6615
7629 5387
-3815 2674
2531 9362
-7356 9869
-3972 -6354
2402 -7788
9459 5131
9549 -3871
2498 7178
-7901 8814
-2257 1576
8419 -5967
-9997 9305
-7624 -1469
-972 9867
-4855 -3344
5253 1330
9330 1504
4413 -4306
5094 -9560
-659 1216
-3626 2520
-3654 -357
8649 -7435
-3180 -5532
-4901 8284
6044 -2762
-7683 9768
-3457 -1586
-1702 9292
-1720 3443
-4052 -2747
-5227 -1002
-7523 -7094
4693 7571
-2933 -2246
-1213 3441
-6006 8854
-3196 -3637
-8582 7345
831 238
5629 596
7477 -8334
363 -2260
80 8662
-2969 -7920
2104 6700
-667 -9403
-4302 1810
-6497 -5889
3102 571
5586 -8112
-2268 9580
-5538 8258
-337 -4119
5602 -9507
9840 1230
1089 7316
6617 -4827
-4945 -3304
-2445 5808
-1224 -6621
2507 -8171
-6023 -8075
7361 1201
-3964 462
-4508 -4658
6071 6946
-1358 -9468
5203 8305
134 804
-7481 3695
-4245 7329
1010 -7629
-7499 9787
-932 56
5594 -8436
3436 -1900
-2885 -8867
26 -1804
6055 9783
-7622 -8453
-1154 -7831
-7787 7488
-7299 7416
9514 6557
1940 -7968
251 7695
9361 -5019
-9934 -4417
-5233 2855
5639 -5919
8140 2795
5903 -4746
7649 -4072
7171 3704
-569 9549
5251 -8003
-8283 7464
-6794 -1860
8600 -7281
-1583 539
-5249 -7612
-1766 -2168
-2631 2021
3415 5858
-1404 2775
9939 -3265
-710 5841
5711 -3061
-4511 2881
-9358 8642
6151 9614
-9362 -8412
7077 -6156
-272 9397
284 -8135
-65 5035
-5747 -8111
-3412 1623
3910 -6277
1201 -3774
6498 4860
2962 -4212
701 2393
6448 9911
-1006 7090
8552 -1135
6703 -7089
454 7500
476 -6098
6896 -9240
-4232 551
9516 21
2441 -3897
-4636 71
-173 6565
-9982 45
1425 2980
9554 -4154
-907 6001
-523 -8193
3090 -1971
673 3513
4661 -8874
1012 -1143
-4972 1628
-383 796
-7821 2854
-5462 8341
-7323 -98
2132 6225
188 2150
-3730 -4667
-1150 -456
4900 7943
-4455 -5624
-6529 -7645
6126 4144
5869 786
5270 601
9644 -5982
-7771 2981
8536 -1871
-4166 -3206
190 -1488
6696 -7679
-5264 604
8193 4727
9658 -2958
-5729 4557
-1294 3537
8934 2177
9613 5059
-3680 9202
-4155 -4690
-197 -791
3049 5753
-4090 5305
-2398 1745
-7902 -8488
-6023 -7485
-6167 2434
3119 -4254
882 2777
2789 8874
-2667 -4785
2410 -13
7392 5743
-4954 -2568
4945 4612
6463 -1532
-6180 3232
-2059 -270
-1463 9264
-4805 4356
-9225 2893
6871 -1671
-952 3711
4076 9930
208 585
8803 -8739
5800 4933
1249 6912
675 6295
-1936 -660
906 -1753
7808 8447
-8522 -531
1897 3736
-1268 -9187
-1908 -493
3706 -1317
-8443 -7247
-7607 5633
-7318 2601
-3783 -4795
3863 -7984
-9863 -1168
-7352 813
-4874 712
-6127 9753
8959 -8319
-8081 -5843
4871 3816
7894 -6397
4629 -294
6831 2056
-7891 8388
4809 -5497
7741 -8788
-9176 -6043
138 8408
-306 276
-2761 2342
-5191 6086
-6947 -1318
9559 -4268
4084 -8523
-110 -1045
5294 1504
6279 3643
-5070 3109
-4302 -2961
5218 -5772
5263 2958
-839 6088
6916 9299
8216 330
-426 -4545
-7328 4383
-4739 -554
-3214 -5180
5179 -9131
-3703 -1211
3545 -8410
-9708 -177
5234 -1057
-3347 -5348
5982 -8130
-1120 1245
8549 8041
1053 9185
7340 -732
-485 634
8444 2187
-4983 -6295
-4647 5524
-1475 -9469
-9887 4822
-680 3659
-9867 3333
-2798 9088
-7725 3855
-6261 8258
9446 2620
3223 7995
4381 -2004
7179 1720
7264 414
-7646 5708
-3679 1092
-6867 1675
336 1658
2206 449
-3521 -4753
-2172 -3388
8580 5031
-4301 -9145
2606 3160
-7167 2052
-500 9777
3767 -6120
-2228 4666
9322 -1244
-4920 -4604
-5537 1401
-9792 1317
-6925 544
-7026 9003
-5287 3175
-5751 2542
-6493 -7172
-2428 -793
-6317 -9823
-3913 237
5950 5587
13 -284
9467 7785
-5618 8788
-3459 3183
-2096 4725
-5417 -1888
-237 1380
8656 2737
382 -6631
-4089 4631
5911 -581
-8821 -2797
-7654 -5137
1101 -1567
8821 -2949
-5981 -1166
-9513 -2794
339 -1410
-285 -9400
-8228 7619
9047 -3644
-4269 -1191
-8544 -1893
-8455 1838
1476 1178
-3532 1107
-9404 -2353
-7970 -3337
6231 3132
8817 8773
-6097 -3444
1327 -1889
3762 -8335
6702 -6524
-4013 8474
-5184 -1246
-1450 547
7563 6
8654 -7172
-4436 3851
7727 5753
-1322 -7957
-6600 709
-1294 -6649
-2439 -2478
-4156 1464
4078 7171
9575 1561
8837 9997
8758 -1456
-7809 -6427
7298 741
7841 4860
-5532 6495
-8592 32
4066 9136
-4215 -7257
-8822 2906
3452 3606
9978 -8988
-8873 -4178
6197 8927
-7008 9493
487 -4451
9489 2965
4093 -8321
6539 1390
6142 4379
-30 -9391
4594 5100
4362 -1341
4235 -6133
5124 9134
-9507 -1425
2739 -9529
3309 7588
14 3226
-9766 3006
2718 721
-7724 5928
-6315 6369
7607 -6056
1480 7469
8324 -4830
8078 6638
-6010 6161
-4703 -8055
-6252 -5859
-8921 -5758
6437 7539
-5287 -255
5126 4727
-3308 5360
1453 9410
-199 3729
5337 7208
3819 6665
-8849 -981
4133 -6805
7910 5932
9834 -8100
5813 -1149
-6155 9561
2992 -5076
