50
53980 28956
-238 26159
98618 -28286
27979 55695
4155 31487
83279 -83584
-31212 76958
-18277 4374
-83920 96376
13744 -59923
51114 5091
64428 -57350
-33699 -47228
-50871 75709
-32151 86070
2043 -78172
-57886 -98196
47987 67821
-26481 -96946
23516 77674
-38369 -66117
21179 30419
-89159 -97098
-65208 54011
99278 -24375
21177 -22520
80717 -14396
20131 74107
-34534 69260
-23096 33315
55329 78947
-17768 24532
80751 57308
-7647 81359
60363 42958
-13878 49083
3930 -92700
-20499 -58140
-89798 14293
95871 36570
89918 17047
-85951 -2277
29741 -38731
-28171 22296
-69471 48733
82700 12947
27679 -35069
-62521 -64481
-77762 -43079
-83123 9690
1000
1272 6128
-7079 9754
4571 -9609
3297 -4103
-6988 -9244
-4569 -4049
-7902 -5684
-2593 -5957
-8848 469
-3559 3771
-8286 5598
-6208 7621
3123 -9561
9210 7271
5552 -8475
9680 544
-8626 -3679
297 5945
-3287 -2686
-8159 -275
1792 -2727
9397 3890
5310 -3196
7933 6462
7273 -1906
3954 -7293
-6309 -8534
-9673 6814
-8095 -6743
7805 -8823
-5217 7484
1721 -122
-2474 -4262
-4178 4239
6774 -2337
-2316 -1435
8657 -2919
-7546 7687
7606 -5893
4149 8599
2201 1823
-8695 9613
3289 -4646
6426 8915
2332 4230
-6188 -9165
5435 9254
713 -7040
-5009 6535
-9081 -8236
-2081 -1397
4050 -3425
9405 -9776
-5738 -9270
-5669 -7869
9329 -9748
7675 -5645
9865 4684
3430 6290
7319 -4239
4241 -8870
-3403 3396
-9617 7310
-9924 -905
3845 -9005
4581 -4516
3319 -1370
2059 2724
-1145 -9959
7175 6907
-4107 6504
7160 -6433
-5421 -9256
-8029 8009
-9245 9290
-6231 4996
-9581 4087
2112 -5477
1397 2188
3619 -1038
3183 -1801
4446 -3499
-9451 225
-7055 3125
3988 -9880
32 9881
-9656 912
-2831 -5077
1656 -860
-7069 2411
-1570 -3300
1127 2570
-9213 -6762
7094 5905
5426 4433
-1413 2329
-7369 -3247
8831 -6820
6978 -4504
6306 965
-4384 58
4567 -4040
-5310 -8265
883 6346
4596 7535
2478 -3254
-2044 -2675
-6963 2464
4285 -6149
2089 -290
8284 -9325
-7961 -5365
-2572 -5410
1536 -1874
86 1562
-7188 9424
-4660 -8901
-4617 30
-7166 9988
97 -8850
-8758 -7426
-2103 -802
3620 4655
-8339 -2096
8506 3750
-8665 6789
8146 -2905
-4856 -706
1685 6680
7421 -4509
1963 -6047
-5086 7303
-4948 4019
-2667 1607
4006 7430
2757 5248
-6276 -5626
-1833 7344
9029 3549
-1031 7534
-2701 304
8043 -835
7399 -3093
8460 2804
-6413 9601
8295 5550
-6447 -6791
6573 2326
7228 -6095
-6068 4954
-8666 -9591
3922 -1221
-5216 -7912
-3877 -2467
5638 5092
-1212 -3343
-884 551
9543 235
7459 8002
-6962 -5234
7602 -4947
-5964 -5125
-1738 -9392
-9079 -790
-1765 -5147
-2116 -431
-4737 -4473
8349 3768
1336 -1808
-4979 -3027
-2996 7530
7351 9841
-1919 6894
75 -740
8616 3113
4026 9939
8166 -8218
-5187 149
-7610 -544
-6921 625
4309 4685
-6085 -6708
-9789 -4016
-9220 1547
7897 -477
-7759 -5100
-2948 9592
-5260 5133
-9795 8536
-5608 8822
1648 -7862
8760 3534
-6080 -2707
-2597 32
6749 483
-9344 4779
-1112 -1708
-8209 -901
4276 -7428
-5634 2172
2095 -3393
-9208 -7133
-80 -747
8001 3846
-2212 -3887
2667 -6844
1973 5147
-9589 5893
-3839 -2186
-4076 -3370
-7983 302
-4871 905
8594 -3079
-6276 6591
3214 -1909
2483 -4692
8419 3276
1896 2059
-3751 -104
-4095 7759
9731 -7708
-5365 1703
-8840 -4954
-2405 1042
6582 7241
7672 -7681
1263 -7199
6946 -144
-278 -5610
-3554 -3344
6202 -7350
5685 4621
9647 -2420
400 -4105
7477 6305
-2626 -9073
8598 2010
2630 -6522
-9224 -6055
4520 -8922
-5094 2191
-2881 6169
8713 -5936
-254 2155
2175 9913
8811 -1623
-7438 4495
-3282 -7792
-7925 7118
-1896 -6728
3423 9199
-2080 5741
1208 -9451
-7061 5706
-1785 7459
-9496 6843
3370 -2377
3011 2083
5408 -7244
-2042 -2417
-3610 -3231
5960 -1048
-5016 -3602
1161 780
-6485 -7015
4052 -9342
-7817 -4308
-9881 7113
-3759 -6942
6539 8178
-9484 7043
8741 7608
-5334 1751
3411 -6206
8229 -8632
1377 -5382
1858 1057
7291 6843
7455 -1549
-2378 -5309
5157 -4605
-4651 -8939
1087 -4531
-8106 -8951
2248 8433
-7053 2765
9196 -8313
4093 -2418
7159 -2497
1377 9108
-1129 -7247
-2554 -9271
7532 -5263
-8708 4986
6909 2635
9677 5787
-8250 -1253
6848 6559
4216 8742
-8672 184
-9106 -2004
-3331 -9911
3404 -9239
-2328 4283
-1736 9049
3391 -9144
-4478 -5443
-8415 -6947
3015 -3402
-8240 3645
-7047 -4843
-569 -5296
3904 -1
-5017 1840
-1260 -3689
-7976 3355
4307 -1307
3444 -2290
-545 -8885
-8008 -8561
-6116 9104
-7705 -593
-2618 -2399
6181 -9604
7920 7941
4041 -9127
-3181 -2808
-4423 -9278
7191 560
6284 -349
-9409 8308
-6995 8619
721 6450
-3672 -6104
-8715 2041
-943 -4830
4866 1352
8298 -7753
-7326 4478
-7357 -9407
6140 -9595
-8534 -7042
-2403 764
-2599 -1491
-4956 -6316
8160 -4365
-4288 -8835
-5747 -9846
-8665 4302
-5950 -7380
64 3107
1511 -5071
-1820 -192
897 854
-1993 7261
1447 -5854
-8614 2914
825 2705
-2602 8226
-8787 2443
-8090 -6907
-8202 1343
-2021 -3948
1497 -686
-5926 9269
5656 7859
2375 -2834
-3492 -9446
-9305 7405
5129 -1298
8387 -3424
6569 9773
-6790 -2607
2477 608
-4382 3690
-3229 1249
-9496 -1430
-3687 -1517
4622 7810
7798 -7584
7078 7174
-9725 3174
-1940 504
7449 2476
-2091 2578
-8823 16
-7126 -8534
-212 -3916
-1141 -7735
-9588 8199
9676 -2816
-553 -9821
5754 5760
-1337 4096
7291 181
-9768 4368
1075 -5772
1262 9135
4733 -1289
1611 -3638
-4991 6509
6378 -2117
7976 -3835
7688 555
2151 -8180
-1247 1827
-996 -8079
5727 -1522
7681 -5611
-3706 4971
8291 -3473
3060 -635
755 -5679
2221 -792
6753 -2448
5570 -8239
-2219 5668
3365 -523
-8167 1052
-9968 7705
2873 2506
-469 -4403
4427 -1021
4076 2108
7089 -9631
799 5380
617 -2421
-1535 -4907
5622 -5594
4301 2374
1958 3592
7857 9740
-741 1221
2937 4813
-7727 2969
6239 8867
-4525 -510
-5537 9902
8469 -7741
5730 5558
-3650 250
4658 6967
7829 -6878
-4220 3450
-2471 -9919
-455 -6793
7394 -2599
-3333 373
8622 9605
-4814 -5385
6294 -8576
-6519 -4511
914 1666
-4609 3104
3925 -5159
-1339 -6005
5091 -6682
-9038 6641
-3560 -3258
90 7690
544 -6645
-9103 1658
756 -2436
-7969 3099
889 938
7714 -2817
2362 -5084
2672 -3004
6582 -8217
-6180 4227
346 2481
8223 -4564
9520 9185
-4203 -319
-353 9609
-2630 -6088
-7037 1988
5570 3720
-6727 7601
-3182 4162
-1462 -1748
-4935 -5380
3168 7738
5338 -251
-6759 9158
-6024 3587
5360 -7802
-7256 4879
-4897 -1459
-5441 8471
-1851 1930
-3897 4834
-2362 -8327
2274 911
-7006 9092
-1206 1533
1064 3859
9874 -5768
1596 5211
7702 4838
8090 -4602
2145 3449
1317 4889
-1673 6420
-6570 6608
8612 5300
-1463 -5286
3854 9896
108 -3873
807 3103
-1061 9601
-1644 -9997
3459 -1771
-5765 -1224
-2839 -4343
-2666 -1029
1056 9479
-7581 -7628
4368 4467
-7487 -8482
1074 -8876
-9462 -6669
-441 4393
-3052 9668
-9481 7755
6491 -541
-8925 -5154
3183 8255
6796 7418
-2970 -6044
-3205 8085
6648 7851
7564 -7213
-9777 5652
7255 -7264
-9110 2049
-2419 -4851
9102 7140
9542 -3951
-9473 -6218
-2476 7018
6962 -1401
-8137 144
-3147 8660
1282 7605
-3664 8077
5689 -3295
5928 6973
-508 9872
2624 467
-7393 3514
-7484 3909
8664 -4662
4769 -8075
5108 5297
-572 -7369
2314 -3611
4951 7899
-9747 -4476
-9722 1535
-6872 335
3333 -7462
7040 2981
9511 -3468
2852 2135
6999 9180
-631 -6765
3088 1753
-1427 -2144
3679 -2599
-6848 -6894
32 9188
3217 -5018
-9194 3470
507 -8916
-1274 7356
1419 -7942
9894 2180
5039 9405
8712 -2110
1539 9431
-2931 -5372
-7334 -6123
6382 4960
5454 3781
-7639 -7673
-9393 6114
-8486 3824
-5183 -7680
1015 9045
-2875 9741
6400 -7736
-8202 6294
4444 6837
9419 6876
-1553 4678
6307 9237
9306 -7307
-3166 9408
7653 -7713
3188 -6266
-5386 3796
9849 -151
-2381 -1614
2169 8634
-2570 -6986
-7906 -6171
-4721 -6108
-6157 9723
-5551 -6739
-9681 6617
7939 6626
5853 -9035
9319 -7314
-9628 -9309
-1305 3561
-1853 3309
1077 1716
-6842 -7584
-9899 9048
-5229 -2469
-7938 -3135
1360 1062
758 8925
4505 8928
-7815 4824
5545 -6155
1449 1397
-1469 4488
7805 -1097
8901 -3501
-3816 -2953
-6472 7261
8763 -3314
9678 -7416
-545 -5552
115 1517
1313 -4805
-3701 -4209
-5881 -9197
-5281 26
5628 -6016
7592 797
5381 -3878
-4715 6906
8746 -2094
-2875 -5070
4953 654
-4089 7436
7340 -691
-9981 -3206
7478 3855
-7969 2512
9050 -1670
8303 -3110
2855 -3258
-9364 -1518
726 8228
9279 -172
-1930 -1716
454 -3185
6190 7580
5466 4863
-1767 -8623
2298 -707
686 2317
6088 -1836
-3829 -8161
-9325 -1058
3891 -7302
5832 -3255
3162 6468
5227 -2392
8416 8226
7436 -3515
-3490 -2110
3300 -3580
-810 -1234
-8717 7423
3864 3581
-3285 -5451
-381 -3477
6434 9511
2084 -9171
-1548 -4026
-2751 -1996
2719 -9590
-1808 1666
-1982 -3393
-109 -825
3092 -9879
-9215 113
263 -25
-7401 1546
-2603 6463
-1153 7833
-5268 -7814
-5644 -5113
-8303 6440
-4284 3870
-3866 2965
-4405 8853
7096 3787
4239 -4886
-9606 -2150
4289 7207
1693 5074
1040 -8045
-4952 3639
7222 6166
101 -211
3998 8555
1976 -7926
-6559 7394
-7766 2878
1263 -1632
-436 6858
941 -3341
4366 -4821
5494 8481
3030 -218
5687 -1557
-1424 448
398 7345
-5914 1340
7231 7909
-8872 4950
6463 6825
7024 -6376
4218 -7021
6502 -798
1347 -3935
-220 -3991
6446 -5855
1188 1939
-3654 -2062
-4558 -7967
6381 4018
2481 499
5084 -9713
-8162 2314
8196 -3312
-2737 8379
-6488 -1992
-7998 -8549
987 8505
4374 -3946
-5431 -5847
2063 -5265
2020 -3028
6675 8366
4910 -7884
-5881 5012
9855 -9680
-769 4938
-9392 1070
973 -7476
-8522 -8044
-9097 -1289
-36 -7095
162 -5329
-8591 -5465
4447 -300
2410 230
4435 -1850
7202 1109
-3485 5833
6946 635
4565 6801
4676 -6205
5459 5284
8586 -3569
-8471 -9937
-1612 -7568
-1225 -7928
-4663 -7343
-3256 468
914 -5089
-9833 -2956
5141 8323
5194 2343
3153 -8292
1896 98
6064 -3540
619 4461
255 -3922
3465 -1159
2509 4994
-1096 -9104
7426 -8601
-3310 -3516
-2222 3434
6952 -7588
-7935 -9161
-544 7206
9162 -5351
-452 6035
78 -4836
-146 -137
1624 -9528
-5677 -8121
-3450 7788
720 -7220
2782 -6656
-2603 207
-1535 4087
-9589 6243
1241 7363
8655 3306
8202 1831
512 -8916
6480 -6220
-9161 278
-1055 693
-9860 -9432
4887 -5537
-3832 -4843
-4028 6888
-2063 8754
-6047 9056
2681 2418
3142 3093
2381 -1896
455 4756
-8591 2378
-3414 5642
7183 -6935
-6857 8022
3343 2088
2436 7205
6377 -2678
-8333 -7455
2479 -2361
-6847 -5863
113 -2894
-6808 -3485
-6756 -9946
9608 5625
1879 3783
380 3289
-119 6966
2651 -2937
-6249 5794
-1194 -9185
1602 -8759
8020 1700
2284 -6593
4245 -5238
4768 -8882
2620 -5120
1946 9533
1395 5190
-6692 4723
4536 5187
2227 -1364
2196 -7893
-677 -1432
2892 3074
-5639 -8303
7610 9685
-3341 5629
1384 8943
9037 -651
-6296 7525
467 -9955
-3875 -7588
-6702 -8759
-8677 -3394
5964 5859
-4486 -1810
-1785 7710
4019 7538
-3723 -3090
612 4360
2328 -1779
4044 8987
-2429 -4573
7929 328
4776 -4647
-2148 -1037
-881 3977
1376 2418
5218 6420
9024 4903
5999 -5463
-3187 -5787
-4032 -9169
-8249 5966
1462 6084
4046 -6211
-1975 -1911
-3504 5596
7237 -5576
-4077 5733
-222 7496
-5304 8897
5194 9793
5035 4132
9933 4059
-966 5931
-7684 5848
-9857 2005
-9601 -4385
1692 5583
-8302 -4263
9372 -276
7548 -411
-960 4784
4013 8685
4238 -2489
6180 -7346
129 1373
-7554 -4837
-774 -7622
-7058 8260
-7971 -1020
7828 -7828
-9016 -8052
1509 6397
7531 3207
-7866 -9378
-3349 9682
211 5692
8186 -2055
4376 2423
5456 4276
5077 -695
-4351 -8757
4469 8596
-2658 -8869
6855 3092
111 8404
5265 4817
-9649 494
1213 -8398
-6300 3347
-7776 4073
6749 6157
-236 4935
-5899 -2140
1078 -6723
-7865 -124
2583 1505
1119 772
100 -7818
1903 676
5274 -4265
-921 4259
-9449 3151
-5248 5485
4753 2174
2553 -9303
-3754 -699
6854 9731
-5765 -5325
1311 9035
-2047 3446
-1090 -5744
-1328 -6251
8749 -7508
-4069 4372
3168 -5074
-9894 -4033
-7095 -5622
9118 1379
-6416 3870
-6448 6137
8289 3519
-4563 5142
6970 3394
-6462 -1720
2428 5212
-4554 -4942
9468 7839
-1193 -8064
-9669 8460
6308 3499
-2894 -9865
9467 11
-1766 8584
-8611 1818
6175 -5059
1675 4463
-7820 -9167
3325 -7130
4227 6863
1150 375
2074 -9683
5433 5262
8156 -2040
7198 8487
-3581 7227
5707 3525
-8918 8894
-6464 3037
-8803 -1354
-5145 7372
7309 -9750
5555 9489
-8917 2601
