50
82786 -9599
-58822 4120
62431 49563
51758 7557
8630 81531
-83867 23155
44926 45009
-96649 90888
-90997 15337
58889 78902
-63263 87503
-45736 70380
-26256 20427
75330 55155
37597 -86220
-88241 20383
4181 -47063
51592 -33389
29590 3349
1258 65309
-88032 -55520
-84448 56894
89490 -81096
47781 25582
-38670 -66242
-68428 -74844
-78740 -14163
95537 -4996
33353 70866
77249 -29051
84646 16097
18421 -84084
-3876 97102
-17473 52803
-72461 10874
-54800 66597
55355 -39247
23490 44844
-93254 98360
-29575 -31924
-67882 1997
-6767 -46622
14923 -84142
-24528 -51725
86724 -47280
-53686 -1541
68817 -8176
-58536 -35060
-83985 23991
44832 70644
1000
6827 -4041
1166 -484
3222 1630
2629 8366
-3343 4897
9492 7074
1259 -9682
-1171 -633
2160 9717
2301 -7770
6395 6892
5420 -8648
1451 6603
-7844 4282
-5158 3690
4382 -8332
-6631 -732
4905 6591
-9102 -2467
8677 -2445
-3850 8168
-1651 7410
-7793 7178
-3224 4367
-9385 -7203
6597 7010
9690 5737
-7918 1140
2339 -2040
-858 -9098
-4630 -2756
-7430 -1261
6513 -8804
-950 7411
-1271 -2274
-1314 4880
-4107 7035
6010 1821
7933 -7215
-3812 -7732
-697 -3495
9279 -1008
-7758 -4919
-6148 8302
3041 2994
9204 -7869
-9762 -4505
870 6751
-3309 9920
7882 9141
1366 -3433
4020 7260
-2678 29
2801 -1025
6535 -7291
1244 -4162
-785 4243
4830 5178
9324 8683
3479 6086
5397 6404
8217 5635
-4381 -913
6106 6031
2727 3987
5171 -5907
-5726 2912
-4927 5317
-3339 7874
-5708 -6804
-9417 5536
2755 3519
3499 1305
-1304 2822
-13 -4105
2628 -895
-7702 845
-5261 1638
-6348 -9155
1389 -9901
8553 281
-5808 -3452
-6808 -735
-8136 -147
860 -123
6770 5164
-867 -476
-1318 -7369
-9171 -8902
9175 4537
-3007 1802
-6359 3013
-7354 -1619
-1629 19
2947 9761
119 5220
41 4311
-8233 3233
-2703 -2647
-3194 -8123
7230 -6424
7041 -3637
3100 -557
-1006 7650
541 1889
2187 -8746
-6309 5828
4267 58
-2071 -7362
-9923 -5404
-3881 3917
9817 6160
1948 -4696
3113 -7035
2657 9919
-5158 -113
-6506 -4397
9971 -9685
5046 2685
7965 -693
-5426 3872
562 -1735
-300 -1451
-7957 -8651
4908 -7880
-4054 -8974
6037 -517
7186 1706
4787 298
4671 -2556
3938 9514
-8949 -8848
-4884 -5258
-8533 -6117
7427 -6847
3190 -8000
7025 -2528
3986 445
6022 6030
1795 929
-8130 -8539
1956 -8372
944 2862
3334 -4270
-3119 -1996
6895 -9182
1238 7946
-4309 -9925
-7313 880
-6042 -6165
4033 -9132
-444 4778
-1659 -6458
-1056 -5638
-6708 -9262
9012 -1117
-7801 967
511 6864
-2450 -2435
-7407 4431
9291 9489
8970 528
-8846 -1619
603 -6158
9261 8282
-2323 7014
9151 7233
1792 -2509
-5505 -9265
1853 1508
-4806 4585
-9609 1114
-4448 4623
-2023 6823
-7812 570
1253 -8522
3779 3943
5727 4934
-7677 -3670
-7504 -8416
-1668 3894
-7682 -2518
4847 4110
4973 -6937
8566 546
4571 -6241
-4869 8683
4873 4404
3306 -7151
1226 5494
7141 -3801
-9308 919
-6138 6419
-427 -94
-3531 2069
5211 4802
-4038 7530
-3996 -9191
5360 -9023
-6128 3926
5244 -7837
7685 -5905
-9154 6279
-7781 4152
-7152 7166
3366 9989
-2915 4058
4629 4668
4197 -5799
-5426 -9334
6271 9785
9189 -4047
-8966 -4808
483 6395
-110 8076
320 -4866
-9761 1725
2950 -5194
-1997 8891
8958 852
6056 6044
4561 -6859
101 -811
7809 -5703
3391 -3897
-1316 3382
-391 -2128
-6945 643
3065 3539
758 -7046
1614 -8923
1809 5574
6524 -1520
-9621 -1753
-2630 -6943
-7181 -2854
-7179 7381
4008 2922
290 5538
-9060 -2599
-8360 3345
-9218 1249
-8783 -6162
-4387 8003
-8903 6371
-5323 6432
-8831 -9793
2006 -8587
-1313 6106
-340 9778
-7116 6201
644 -4295
7302 -5348
-7652 -2409
-9811 -2991
4993 -4450
-9647 9496
6800 -8430
-2946 -3867
9573 1872
-3776 -2029
-1696 1114
-1822 -9691
2527 -9415
-9865 -7813
-5917 -3260
-7892 4727
2446 9410
9379 8515
-3000 9568
-4477 -4287
-1161 -4124
-1070 -4362
-2553 9705
5492 740
1577 -8285
8711 9881
2830 609
-6090 -923
1194 -5955
4985 5277
4507 7093
4 -3048
6502 3103
-4534 -2777
6392 989
2936 -4770
-9415 -4414
4589 -1968
-4709 80
-7507 6868
5516 -5076
-9532 2066
5534 -5622
-8857 448
2144 9849
-554 -3350
6942 -6830
7323 7164
6273 -3491
-5614 2664
-8782 -8957
-8386 -8196
-3371 6203
3557 5641
3 9771
6229 -760
-5305 6697
-8695 -6051
-5205 -3831
8118 -9340
-3982 -2437
1031 -3320
733 -1646
-6157 727
8584 -1770
-2889 9803
-727 -1274
-8394 9623
-1351 8884
5264 8653
8655 5213
-2108 -2930
1910 2918
1019 -9575
-7192 2857
-8915 -1174
-9580 2117
9227 4874
-5809 -6931
-679 -7226
5020 6433
-7424 -1987
-1121 -2097
-2364 7528
-3213 -3380
9901 -838
-4447 1513
6232 7463
-5569 971
-8391 -2761
-6173 -7306
9786 -2032
8532 9012
-3437 -7278
-4199 5884
-782 -9179
6037 1794
-1166 -5085
-6582 -9810
-3836 205
531 -215
-6913 6085
-8702 9319
7268 -4271
4010 8877
6689 7837
-4708 6474
-4195 -6177
9206 2368
267 -4994
1972 9485
-4173 -1991
1278 4662
6645 8417
8573 -3471
2342 -896
6315 5429
-4812 -8667
8468 -7545
783 2477
-8668 -2529
314 -3376
-2335 9840
4168 -3130
5928 -5566
1876 1620
-6082 -8576
9629 8918
9807 9995
7334 8379
-3477 -324
1203 -3442
-4896 6391
-2109 -6428
-7433 8674
6049 -6101
-135 83
4244 7530
3643 -1589
-1880 3291
2846 -6283
-5089 -9516
-4859 -5461
9402 -1332
-1746 -9544
767 4778
132 -8030
-4944 8957
8361 6669
-3751 -9073
9063 -3981
-1453 2649
9823 -7210
178 3466
4923 -7981
-3244 1489
-4264 1667
5694 4598
9928 5096
-6735 -1819
9273 7753
-3321 3125
9723 5457
2081 8084
2125 -7949
-7269 4908
-1930 5000
-2444 -2108
-8490 7735
-4922 6433
-6526 1835
1642 -790
-2778 -2664
-2472 -2851
-3848 4514
5331 -4576
2266 -4270
8549 1989
-8814 4350
3793 3311
-9879 -9756
-1781 -1809
5244 5775
9805 6755
7230 -1397
6908 -5576
-9563 -1450
7355 -2340
5886 -5118
8530 -7963
-6884 7581
1182 5383
-6689 -270
1092 -5503
-2200 -5116
-8471 -2078
-1151 3469
9834 -5907
2964 -6642
-5432 3915
1962 -8525
8339 2399
3746 5694
-6221 -369
-5704 -3970
5389 -2587
-6390 -3430
-3484 642
-9980 7608
8861 -2179
-3788 -9611
9464 5061
7579 9297
-7126 542
-3624 1163
-5544 8338
6360 -3484
4457 105
-4070 -8043
-6543 226
-2013 8846
-8641 5318
-863 -2125
-4040 -843
-4518 -5180
-9302 1694
-1070 -9839
476 -3492
-6821 7071
7050 -445
-1766 -4773
1613 -5407
5464 -3931
4698 -8607
-1974 -8125
5340 9734
-9279 6700
5052 3579
-5426 -5268
-7265 3778
-448 -6566
-808 -7798
-2684 9668
-1290 4216
-9541 -520
-2509 -1307
4707 9104
7007 3891
-4827 5425
5284 6920
7301 624
6654 -8258
1044 5426
5321 9339
-6122 8056
3116 3430
-4790 -7692
5632 6248
-4304 -1938
4184 -3845
7542 -8325
4848 5970
-9222 5575
-140 -328
1000 -4856
-3408 -1700
9489 -3034
3763 4253
-3888 -917
3591 -10
859 -3293
-2860 9791
2736 -3508
6038 8432
4554 3942
-5413 2095
5617 -6845
-1936 6396
8731 -8355
-3933 3451
510 6380
-4529 3719
-6655 9234
-2029 3178
-1684 -8439
-6833 9175
1989 307
-7315 -5276
6799 -7557
-6844 1352
6386 1464
-2832 2002
4619 8953
2118 7070
-9403 8186
4241 1107
8286 9712
-5175 -4648
8945 6517
8530 -2740
8079 -8303
156 67
5725 2841
4792 2524
5285 -8332
-2404 5391
3132 4764
-2608 1471
7438 9511
2262 -8245
-8584 -3498
2863 9702
-3786 -8592
-4947 -4842
-8354 -2696
6140 9725
2722 -3705
3512 -1554
-7144 2024
-9031 -8139
7413 2287
7252 544
771 -1635
-4264 -1792
-2125 7998
-36 -709
-5501 -3453
2713 4434
1676 -8513
9593 3322
-1209 9453
6767 -8488
-532 279
3679 2324
-3977 4649
7907 -6564
656 8879
7701 -8574
-2757 -6564
-365 5118
-8567 -6681
-1871 -346
-134 -5437
-5913 -4738
-3950 -6321
8585 8562
-6869 5351
-6206 2599
-650 7473
-1356 5374
5842 271
8810 -3503
-851 -9770
-2076 6393
-6333 -8721
5231 -4900
-5402 -6640
4754 8185
1644 -7438
-6554 7694
-3759 -7970
9976 3094
-8898 -6231
-587 452
-5038 -8223
-454 -9196
2048 2076
1022 -5082
2307 8946
-8690 5974
-9776 6541
-8927 -1457
-6379 9549
-3273 5265
-7890 174
6679 2072
5925 -9626
-1114 7027
-2136 -7980
-2521 2827
-2482 7025
7352 9567
-899 -1627
-5516 -8593
1040 -485
-8899 1264
-224 -4105
-6472 3398
-4557 255
2383 1274
-9572 2783
-2933 6354
3157 5953
7101 -8979
-8307 -5421
7569 -788
-4675 4920
2499 8147
-6708 -9297
-6726 4332
3939 -5625
-683 -6286
270 2845
-9168 9435
-3180 3216
708 970
-281 -8505
1044 -7125
-8831 -1856
-2383 -7138
6445 -4815
5795 -8231
-6175 2014
-6364 -2882
2717 -3090
-4830 -3345
1285 4487
4091 -4725
1052 4923
-5291 -8407
1859 9139
2563 -8423
-9367 -6394
-1826 -4477
1750 9512
-1614 -1806
-5303 -2099
3684 2243
9916 7320
9361 6353
-2050 -1748
-3271 9235
-3541 -9181
-1769 7512
9463 6661
9105 1322
5799 5388
2899 -9847
8994 -8928
-4324 4464
-9416 7783
-3621 -998
-595 -9938
-8756 -680
-8897 -5674
-607 -947
2578 9843
2009 -7243
-5618 -9761
-9732 -6155
6900 -6907
5167 6420
8481 -1935
-9707 -8806
2859 -310
5659 7164
-2527 -7963
-114 -9402
-4180 1130
3639 644
9177 -6969
9698 5475
-7126 5427
8233 -2744
5666 -7779
1101 6286
-964 -12
6426 1237
8054 6719
2432 4633
-3591 1811
1796 7603
7569 -8319
8201 -2891
6532 1839
7754 9430
4870 -8829
4904 -8536
6598 6857
2442 5984
9079 -2737
5990 -1886
7252 2416
-6929 9026
-866 5503
3658 9264
1034 -826
6866 -1398
4576 8787
9433 1107
625 7186
536 -784
-7923 -839
4401 8675
-262 563
8379 -1184
7827 4368
-9350 8799
-3217 -2557
-8456 9639
-7055 8923
-7378 7701
-1904 9489
23 -7329
-8005 -545
7499 2621
361 1756
-8164 2438
-9084 9958
4833 654
521 3211
-6809 2068
1300 -2438
866 8083
5005 2410
-8559 -8329
1332 -5936
-6908 -6852
-2727 3115
-4181 -732
-3709 -6683
-4391 6652
5073 1166
2811 9710
1124 -2357
4085 -4635
-5425 -9004
7433 5875
2279 -1702
7678 -2716
-5572 -7160
2676 9481
625 5768
-3651 7898
-1118 2168
886 5173
9206 -9784
5546 8000
1382 -1644
-8571 -3774
9720 9235
1591 -5706
-9770 2744
-9832 6231
-5238 -8433
-6486 2911
-5593 9911
2391 5032
5678 8740
6650 -1720
4628 1256
-2826 7555
1472 -7281
9275 -3425
4796 -9297
6522 4515
9939 1834
8810 -6111
-5423 -7302
-9881 -660
-5735 -2646
-7750 2393
985 8363
-2576 -3338
-9178 -5927
8664 9172
5330 -4163
6726 522
2277 6000
-9183 -2928
-9577 7340
-4693 -5918
-827 -5884
-2028 3750
536 1812
-3190 8522
-7113 -939
915 3872
-2577 -7941
-5745 1966
-3867 -7082
1137 -4817
2476 -2138
9426 -5248
-2418 -9757
5545 -1994
7583 -9149
2088 476
-1311 -6220
-5775 -7055
9314 1036
-8534 -4079
-6183 6102
9793 4961
8162 -2232
-3074 -5706
4407 8064
3198 -3118
-4075 2623
5355 7229
6587 4620
-4766 4169
9193 -8958
-5356 -2119
-1456 2591
826 1578
-2653 6013
7499 1164
2115 -8989
-3876 276
-1220 3050
8291 -3093
4834 1488
3790 -9241
-2169 2865
-8292 -5582
-2515 663
-7693 398
1705 673
8279 -6031
-3016 2825
5547 8052
-1163 6766
-785 -9049
-8502 9060
4948 278
5830 3238
7185 664
-1554 4695
5144 6278
1281 6852
-5584 -7514
1235 -3277
2884 -7061
-8884 4883
630 1821
-2293 -103
-128 -9736
384 9087
-5063 1882
-8134 9885
-4120 -8583
3123 -3215
5802 -8432
-8520 4666
-8434 6482
5238 -4018
8968 -3528
6427 1851
3132 -8737
454 -6239
3085 8161
7380 -7044
-7855 -2237
-4236 -2918
9645 1351
688 -4476
2768 -2469
2309 2290
-901 7510
-3045 4387
3991 -7808
-5911 6679
-1336 -5764
2250 -4483
-4500 -7297
-722 -7695
-5416 378
-4739 -3270
8141 4746
7533 -8495
-3903 -1780
750 -7415
5751 -6941
4876 -1429
-5711 -4449
-7043 -7999
-2256 767
8680 -9872
5004 930
-4355 -9497
7354 8645
-3471 -8062
2743 1790
-1332 884
-3464 -79
6110 6354
8142 -3140
8939 7613
-81 7535
-3817 7929
-6914 2861
9930 4551
-6372 8610
8400 -7648
3260 -2234
-3424 613
131 3105
2551 -7127
-5106 -5061
7478 5151
4861 3588
5225 6723
-9553 4164
4335 4087
5419 -5761
2015 8505
7100 1945
6776 -5552
554 8897
-3200 -6187
-3338 3376
4426 6793
201 698
9666 5096
9358 7144
3967 4218
731 -808
4661 4899
-2924 -1004
-1015 -7506
3235 -9001
-5280 4055
2944 -4784
8504 -2782
-5888 -976
1031 774
-3879 -822
1287 6322
-6404 4674
5138 -7047
1817 -895
-9108 -3732
-7983 5553
-5113 2814
-1731 3872
5308 -4776
4871 -6252
9280 1536
-1035 -8497
8754 3077
527 3506
-2428 6648
-3596 8859
2970 0
3532 -1893
2953 -931
-9068 7566
9058 -3330
