50
25899 34549
-70230 9202
-56326 -38628
8611 19890
-29610 53539
-47999 71889
29669 -47998
21204 -43644
91337 68131
-80856 -81329
82499 -6885
-45952 82152
-45766 47301
-28276 17396
72971 -70074
-79165 -1131
64475 77695
35161 35238
-60934 -56229
-44873 9456
24399 -65782
-91566 81157
-13780 -43273
-62488 -95355
-75143 -43343
-76684 34445
49772 -95547
-56314 31095
51755 -57501
-51510 24725
-27575 96415
50683 63989
74109 -87068
-774 40264
-43296 -18558
76810 8192
-57251 85244
-10651 28970
-58030 26861
33615 93917
83518 -15979
-44549 -39622
-11526 -863
91473 67318
41636 67053
-80869 -85940
63467 69815
5138 -35335
82747 -95637
32018 66540
1000
-9211 -671
-1355 -8866
8596 1144
1925 5540
6065 -5252
-4946 -1464
503 1602
2727 2194
-5203 2535
-7983 18
7232 5137
798 7395
9890 1557
-1119 -1084
1276 6029
-6407 5786
-4643 5959
6920 -6047
823 -1156
-6787 -3113
7314 1988
9144 -2184
-6411 1871
-6270 2107
-1874 -4252
-4155 -4643
-5395 6643
-3528 -1785
-1801 9075
7131 -6805
5103 -5556
8982 -9541
-9598 5901
-1867 4946
-1534 1347
-4446 -500
-2945 -5303
7316 4366
-9712 -5233
193 -1586
4236 6039
7492 8841
6402 -2315
-2945 -5399
-3241 -2094
1517 -8139
2351 4219
-7680 6474
3841 454
1420 -7694
-4479 -9306
5527 2576
-4609 6563
-3059 -4320
-8671 7135
7815 5565
6894 9028
4405 3295
-3288 -4820
-8384 3471
6808 3134
5332 -842
-2648 7652
-648 -8808
1826 -5508
-2781 7347
-4814 -7255
3644 578
9309 -9416
9979 -5642
-8561 7793
9924 -7947
-9460 8049
5349 973
-3050 6965
-5557 -6243
3819 -6505
6636 -5108
-5132 -4013
-3916 6694
480 7025
7762 5666
-6510 1405
-36 -3481
5710 -58
878 -9130
1456 4522
-7077 1996
2570 -8008
-3310 9520
8958 1133
-3003 2776
8350 -6368
7668 -6783
-380 -2527
-6369 -6180
-1782 -4887
9486 1708
-9762 -550
-8052 9670
-6888 2826
-9461 4568
-2653 -2817
285 -6363
-824 6975
-3122 1854
1828 3875
-1650 177
7508 -261
7115 848
-9068 -5533
4668 -850
3301 7874
-5422 3540
1044 -3474
3209 4157
-6928 7469
2445 4140
-1628 -7271
7778 -8732
-6576 -5345
3122 8974
-7750 -4807
-850 9758
4932 -14
605 5864
8174 -1007
-1266 1474
-3133 3312
-4987 7911
-6441 -8058
5788 -3369
-6869 -1767
-9229 1504
4683 -7731
2772 8108
645 -385
7081 2895
4808 -49
2653 3460
-6343 -3022
-677 -8170
9693 -8223
7026 -3441
5089 -4241
-1810 -7632
1423 -6022
2721 4554
5932 3492
-222 614
9482 -3729
2442 126
9607 -478
-3259 4414
-6806 -6886
-2127 572
93 -9084
6124 3506
-7307 3149
-9936 -8498
8908 1975
-2408 330
9674 -9688
-1395 5605
7525 -7897
-3781 7006
-1626 8661
852 -2020
1904 7593
-3886 8819
-9293 7708
-610 4521
-7656 -4487
-1974 -1242
-7618 1811
261 -8710
-2494 7853
5341 -2820
-8115 -2334
-7216 9410
-230 -997
6415 -8136
1385 987
-155 -2991
-1421 9680
-4173 3007
-8892 5217
-2473 -6548
-5549 9274
2211 -3167
1084 -3808
1844 8591
-2235 906
-4230 -350
8572 2275
-941 -1659
-8722 -806
3927 6384
-9820 -2508
-6608 2480
-2829 -781
-4513 -1721
-1844 3014
5453 6328
2288 -2337
-6839 -2908
3855 5005
-597 -8381
-4090 8894
1269 -1797
1169 -5952
-9736 6168
6963 4191
6272 7143
-8318 9664
-378 2575
2603 5109
-9147 -9242
1844 -9974
7087 -5869
-2311 -6032
4944 -8457
-7307 -5653
-3117 2325
-3039 -8128
-9473 -8150
-359 -5488
8018 -3397
8704 4289
-6255 -9615
7673 7089
6681 275
2197 -8745
4755 -2239
-8719 5562
5613 -1029
9530 557
4235 -4057
8625 -5161
8268 -4415
-3289 -7485
-2564 6353
-2972 -826
-7045 -548
-2816 422
3558 -5144
-2490 239
5132 -6573
1494 -114
1189 2775
-832 -3199
-4534 -1303
-8922 9702
8361 9703
-5460 -9651
-991 4972
-7136 -9835
5045 3613
-661 -8279
-6936 6523
2143 6623
-8621 -6627
-3139 -9769
521 -7925
3838 -4570
8571 -6995
5953 -5963
5423 7031
-2541 3783
-9546 5720
4132 -537
691 -9283
-372 -543
4330 -7313
1178 7395
9211 -6680
7738 -5690
414 -1681
-1738 -9066
394 -7901
86 -1036
-4896 -3962
3001 -9474
-6932 -5820
8030 -2757
9900 2162
6706 4312
6600 54
-6232 929
6463 4946
2044 9394
-8014 3502
-6297 2400
-8180 1965
7055 5935
7785 -2860
-5101 -7112
6899 -8380
-2865 -6312
-4199 -4836
931 -579
-8954 1358
-6268 -8634
-8589 -2500
2296 -8406
-7555 -1940
-9013 -5569
-8438 -1589
-9449 -2897
-5904 -8673
-6962 -8120
2188 1658
-1511 -913
3278 5624
2775 -7201
-5491 -2574
2221 -724
8784 5953
643 -6084
-2826 -3341
-4490 3340
8440 -3502
-8508 -6278
4909 -7957
826 -7274
-2909 3864
-5394 9280
-4479 3096
2087 -7481
-1281 -1418
-4681 6949
6008 -8740
-3775 8513
-9067 -9412
-7572 -1893
-2753 1659
-8553 -593
-8123 -7061
3130 -9493
-1297 -6045
-6767 9516
-8461 -2161
-7485 781
-9066 4602
3300 3375
-3096 -7661
4044 -3368
-2680 -6011
-1135 -1746
-5423 1293
-9919 5545
-3327 -4751
-5048 -1450
1909 8082
-943 -5667
-4243 2290
-6152 -2704
-6150 -3637
-8203 -5216
-5315 8818
-8121 5310
-8843 9645
-8059 2198
-6367 807
-5828 1932
-4180 -5746
-2524 2493
3224 6149
-5236 -1146
7951 3821
3187 -6293
-168 7035
4724 3682
-2882 -9759
-7814 1803
9060 -2213
-2888 -6063
-2569 2774
6135 4785
-6420 -9693
-3284 3122
-1718 4193
-665 -4774
4062 4099
4080 2013
1641 -2734
9441 -8528
-1979 7886
8875 5139
8127 -5219
662 -9094
2568 -8506
-5157 -6281
4269 -9022
8505 -8431
-4994 -4780
4691 7009
-6867 -5974
-7766 7196
-8155 6315
2929 3486
-2699 6090
4958 5323
7696 7553
4182 9544
-7666 -5156
-9551 4902
59 -4707
8622 -5673
-8 -9154
-4103 8719
-3934 -5692
5727 -800
2055 7961
116 3901
7996 -6956
-2614 -4703
-7146 -3935
-5660 -9450
-6383 -7758
-6186 -328
807 -5737
-5426 -9134
3277 -3084
-4807 -6732
-2238 4811
-8014 7549
9120 -8567
-3252 1174
9395 6864
-1205 -8890
-6372 6182
128 204
-4033 8189
4475 -416
-9569 8289
9257 1238
-7449 -2449
2104 9550
8188 -8982
-3462 -330
9550 2246
-2782 8669
3679 7688
3564 6794
4551 -7642
7905 -8100
-7740 1753
2104 -1773
-58 -3422
-8468 373
-1413 -5491
-4669 1138
5781 -8844
4408 7689
-7826 -9054
-2642 -8277
3192 8297
-5887 -3130
5984 -8603
-2615 535
-2524 -4711
6156 3458
-9238 1980
-8316 704
8558 -3063
-5203 -2856
5167 129
-7998 947
1285 6411
-1365 7180
-8923 9714
-7377 4269
8011 457
-5141 3994
1854 2244
-1751 9331
-8747 -1875
2788 -7984
-9896 8193
6441 -7618
-1149 -8762
-474 -5983
5088 5250
8686 93
5381 -2680
-2728 -9822
755 3616
4447 -1235
-5927 -6974
-3521 5927
8992 8450
8978 -9756
-3426 5486
-4019 -3321
7400 -3857
-939 -3750
-2619 -7692
267 -7532
-8722 -1048
6282 6659
9994 -6447
6837 4469
7169 5004
-3046 -5038
8030 3433
-5390 7021
1882 -6413
-9014 8457
-7206 688
-1144 -9807
6831 7917
164 -2068
-9776 -5849
4121 -4777
6825 402
-4398 -9462
3955 -3841
5007 4845
-8838 -8040
-6473 -7087
9114 -1863
-6346 4717
5446 -1639
3173 8240
9050 -4251
-7847 9601
-6335 2317
-2467 -2389
-9812 -8347
2834 7013
5777 8437
7551 3452
-5405 2557
-1704 -521
8238 5545
6113 7352
-6319 9767
2068 -7153
1849 -1039
-5193 4619
4710 -3040
4219 -7905
-7003 -8249
3427 -6814
-2874 -3739
-9802 -7098
-1582 -8530
6354 6734
4027 -1629
-67 2265
-2364 -3955
3337 1317
-467 -4596
7886 -8619
8086 -7308
6000 6516
3374 3939
8611 6371
9412 2038
-6723 -3463
-7981 -2803
3160 4158
-1333 3234
891 -3586
-8396 -5455
-7601 -760
590 5736
-5722 -6157
-5140 -7837
-1055 -3334
-1424 -5056
-6819 -8051
8884 -8208
-7959 8295
7551 -4682
-1448 9570
6236 -4568
3727 -1377
8666 -1662
5038 -6009
2883 -8843
3231 -2806
-9386 -8771
4758 -4526
-2887 -6297
5862 5690
-1353 9043
7639 1251
-5445 9680
3266 -7895
-1281 -4462
-4605 -5046
970 9122
3578 -364
1181 2336
3627 -2216
3493 578
4978 4107
5529 3457
-6698 -7359
7160 9164
8331 -473
-8074 9691
-9222 -3518
-6910 7765
-1413 1809
-2976 3983
-9516 7994
6825 4062
1350 -1995
118 -1303
9511 -2669
9276 8209
-4841 4804
1665 -1539
-8835 -1176
1345 -6783
8352 3271
-7093 -7150
-6527 -4003
-5665 2061
-8473 1359
-236 -7989
3074 309
9794 -5577
8315 -89
3121 -8455
-9038 6117
9754 -3879
4641 1419
8303 5806
-9758 -353
9023 -7686
-3361 -4350
-4836 112
5369 -500
-4107 6896
-5421 5657
-7373 7653
-4034 -7580
-7924 -1999
6052 8918
-454 7014
5034 -701
-6865 -326
-5562 -8563
-800 -5319
4806 1944
-3005 -8556
7594 5881
5277 6683
-899 -8830
7299 3680
6827 9926
1333 -3487
-3934 7130
8235 -7883
6047 -2220
9132 1080
-9200 -4013
-5526 -4762
-2576 3674
3640 -4050
-4383 -5644
-2606 -3068
-9764 -7329
-6386 3058
-6159 -5366
-3263 -5612
-5441 8070
4623 626
8920 2857
2743 4966
-5642 5595
-234 -1121
-8419 7961
7838 2727
1635 5199
8677 -9028
9555 -208
1625 -6489
6184 5240
6569 -9976
9874 -2974
-1867 -1847
-4904 -3524
-7501 -2264
-6946 8964
-7298 -2588
4558 6189
-9989 9861
4150 -8431
6308 -495
6768 8705
477 -9958
-1504 -7898
-2726 -5321
-8938 -6158
-1576 -5344
4590 -9722
6530 9686
-3246 9030
1142 3529
7993 3844
-5339 6271
33 -5328
9852 -2097
-3758 9880
7408 -3270
8585 1605
-3227 801
7428 4047
9202 -7790
-8390 1346
587 6200
1624 -2883
9606 -7901
-133 747
9349 -2141
-1688 -5990
-2150 -7935
-1318 1423
-32 8645
1302 -2625
-4625 -114
-7300 5869
-5592 -9872
3636 -6391
-7662 5246
4955 2926
5166 300
-6237 8492
6120 3630
-761 5468
-4791 -8729
9478 6780
-6664 1881
-1798 3304
4246 9505
-5601 -6659
3111 -2901
9210 7519
948 2846
-5152 7008
1812 -6476
3654 699
3824 7417
-810 3664
1046 -7851
2852 9976
-6580 6051
6755 -3244
1652 -5043
-6220 -4103
-1818 1900
-761 -8708
9000 -1552
-7468 3668
-4986 -2620
675 -9453
4625 -5672
4967 2169
-4535 -5844
-4168 6511
27 -7595
-9794 7168
8456 6962
-2355 107
-8082 1425
6004 100
-6675 -1037
5113 -3955
-8868 -8635
9713 -3854
2467 4109
414 -2909
-7843 -4620
9261 -2377
3258 -1187
-2146 -2995
1218 -1939
-5828 -327
-4978 1817
-6500 661
-3037 9505
-9240 288
-1533 9594
-9947 -401
-9041 -6514
9467 7147
7595 3601
-5763 9753
-7298 -6503
-2625 9681
2311 8950
-3315 -6472
-2990 857
6923 2032
-7326 -9578
-7308 -363
-6353 -2827
-6355 5836
-3233 -2581
-845 1447
905 -1379
-1407 2221
-4057 6551
5694 2366
-9952 -3211
2046 6080
-4262 8731
-6672 2749
3308 -9750
-5220 9703
-9327 1194
3060 -1959
8367 6705
-6124 -1146
-2156 3032
-5979 8750
-4627 6335
4691 1316
2886 384
-6319 6655
7173 9448
2734 -7090
8178 6062
9380 5207
-9967 -2119
4909 -9294
9075 -2031
2468 -8839
-5327 6345
16 6239
-624 7758
4988 4749
4093 -322
-214 -3022
-6218 7188
-6368 -9046
6636 -9914
-2415 8534
6148 686
3740 6181
8567 -1351
-9393 -8639
6618 3076
-7478 -4989
3141 2538
-8751 -7484
4017 9958
-9015 -1891
3356 4492
8808 7138
1680 -3840
-8188 2036
-3754 3119
569 -3886
-2475 -1970
-3984 -3909
-9601 -3377
-2548 7017
-6581 3695
-4252 6560
-3767 719
-7204 -6030
4397 -2497
2079 1474
-8006 886
-1389 3674
7046 4145
-570 -2988
984 10000
3126 8509
1750 9142
-1680 2149
-514 9493
2886 2905
3187 8634
3186 -6860
3073 9703
-2890 1191
-2795 -7091
-7336 -800
3795 4996
-3406 4561
-860 6025
-4707 -6156
9745 8420
-3927 1494
-8719 4393
-6358 767
7606 6528
-2607 793
8882 -9422
7654 5676
-5999 -1515
-3134 1207
1394 -470
-5873 -1090
-5475 721
-2809 3666
466 2485
-8770 210
904 -2696
-8297 2185
-4583 -934
-3327 -3256
-4407 4066
-8743 -1804
8365 8911
-6129 -7635
-2605 737
7293 8790
-9734 -8581
-2301 -5209
2141 4890
-7823 -7394
1095 -6592
6538 -8002
4433 8241
7905 -6430
1028 -1702
314 6621
-7637 1571
-5184 -5552
4203 -1313
-3187 -4682
-6856 -5894
-5893 -6590
-754 5527
-1798 -8614
4138 4100
-2286 -4768
-8772 -5749
952 9382
-3788 2577
-7048 7240
-9126 6987
7582 -3042
2279 -3882
1406 -3519
8527 -8061
1799 -8330
-234 9628
-4919 9013
5154 7004
-5881 3012
1103 1833
8245 6053
9805 2917
5434 -262
-4507 8386
-3023 88
9094 -1721
7046 1372
4398 2172
7853 2924
4111 3372
4594 -6123
2999 -6605
-3390 1874
-9602 729
-5115 5223
-7438 -3150
1275 -3913
9767 429
5825 -1020
2536 -3477
9068 1629
4802 9834
-7000 2920
5726 -9148
-436 3558
7945 -5842
-8845 944
1274 -2235
-7183 5394
8494 -2298
616 -5224
4553 -4389
864 8040
9761 409
-2980 2296
6932 -192
-6076 5455
-358 -3076
2095 -912
1497 -8341
-7355 -558
-462 -6200
-5894 -9189
1565 -3077
6205 59
8346 541
4835 2898
9873 -581
938 9634
9829 -8322
