50
-24617 -96827
79159 -51300
-32024 -38366
86074 77225
-35618 3019
67207 -2059
24275 65084
60518 -77332
70030 -27992
-41443 99771
-7291 -96067
-29499 -79868
37840 46548
43481 -45080
-10660 21134
30665 -8188
24308 9823
40512 92284
-1454 26585
-3403 62928
56694 90893
87959 -91943
-16934 48476
-69275 -46905
47573 -10718
79956 -59718
-79696 -49544
87504 -14767
24093 -41926
-32757 40523
6297 97908
-67666 57694
7730 72847
-22934 -93725
-73480 73664
69203 10303
64556 57161
18360 -52379
-67275 -23826
-72194 7388
-7455 -92239
-25241 12850
85307 89352
98083 -63511
74515 -34675
77012 -19188
-36768 -90655
-61495 70962
9281 -57339
4326 35802
1000
-5058 8491
-2461 8641
-982 -3713
-3850 3458
2891 2141
7206 -5315
3726 1139
6451 -273
7470 -6423
9303 -1218
8759 -9305
3734 -3356
9806 -9978
7701 -5761
-2849 5375
-1451 5814
3865 6089
8176 -3396
-3904 -1954
-6218 -7293
-9814 -9013
1113 3912
5847 -2437
-2641 7037
4862 383
-4182 3620
1078 -6728
-9737 4604
-6705 -8316
-7436 4167
7060 1113
3702 4645
-2799 1877
-5031 7018
-6357 2472
9726 -6171
7180 838
7741 3026
8402 -1180
63 6984
9203 9602
4324 4002
-7126 8308
-1395 -110
-6287 1169
-2223 -5507
-7718 -4801
9138 3204
7076 -2172
222 -5561
-5980 -53
-1732 -8800
-5495 -271
4226 -3373
8550 -1991
-6390 -8528
-2389 7934
5474 4206
9963 -2200
-2184 -6325
-7311 5593
-1832 -1308
-9208 1026
-8104 -8412
8854 5839
-3972 -7126
-494 8017
-5926 4011
-2254 -7980
-9362 16
30 -2031
1488 -8639
-376 683
5567 -414
-7797 -6618
3261 -5108
-7305 -8572
3585 -2792
2454 9202
2518 5029
5040 -7734
-8377 -1734
-9718 -582
-7724 -1972
1438 -3365
-8236 -4812
4605 3253
-3451 -2051
-2344 -7885
7535 -141
-782 795
4751 5635
5944 2056
-7158 2118
1257 9081
-2854 17
-8654 -1231
8283 -8371
-8093 -9441
3378 3346
915 5143
8534 -760
2116 -1196
7189 -6508
4640 4723
3351 -6142
-762 1822
-6787 -4819
-6122 -224
7300 8856
-1143 -1834
-1127 203
-9344 -2845
5553 -7437
1435 2652
9630 -7650
1515 8164
1590 -2649
688 -1221
843 -4673
-2778 -2086
2906 6461
9736 6119
-8359 -2666
-4105 -7339
-89 4752
828 8784
-1325 5205
-341 -5772
7768 -5185
6880 7398
-2835 -1606
9282 -7525
5745 -31
4975 308
9017 -4082
8222 1923
-7622 -8323
-1959 -2260
2733 3936
4123 -7357
-1313 -1329
-8574 7363
-6125 4806
-4689 -8358
9621 -7810
-7240 506
4305 -4238
6703 3770
5731 5398
-5923 8469
-8685 -7702
391 -6307
-2304 8432
5155 -9572
2368 -723
-6929 -5225
7948 -1782
-4142 -4457
-6976 1169
906 -7356
7080 3667
3151 5105
-6851 3574
-1126 -7399
-1029 6672
-8931 287
-7310 1460
7701 387
-109 2855
815 -4021
-4148 7608
4476 -2480
-4175 -9667
3063 -1151
5224 -2310
5215 6024
-8644 2086
1129 -1774
-4341 -6277
827 4630
-9605 1896
-1363 -6915
-6645 -3662
7193 6968
-7087 -1992
-3333 -1234
-664 -8858
6286 5161
-4803 3070
-2269 -5859
-9241 -7055
-9836 -4164
5031 5014
4062 -5590
-7542 -1390
-7240 -3426
-9495 1398
-341 -2418
7736 573
-5451 -5631
-7699 4937
3135 1637
6080 3142
-3203 -8724
-68 4528
-4583 691
-8807 -698
-9753 9945
-1963 8030
-5646 495
-3361 -2885
7069 -2855
8513 448
4727 9969
-8980 -7004
-5663 -6679
7933 -8807
4958 7733
4335 -4524
-7271 -2013
-6276 -1854
8678 -5082
-8831 -7355
-5138 -794
-9326 2938
9701 -2686
-9948 6769
8180 -7715
-2784 6627
-4026 1958
-6657 4032
9000 -8725
5225 7679
-7271 3280
-6846 -4542
-8734 599
7326 -6336
5517 8495
-3691 -5900
-2300 -3016
7038 1121
8019 -9190
-2111 6198
-3184 8826
2824 2790
4504 6167
542 3504
-8838 -4233
1182 -2388
-7233 8057
3071 -5966
-1345 396
1419 -2107
-1110 7729
5714 -9690
-1567 6472
1431 172
7282 -6960
-3631 -2182
-8135 -7087
-5672 -9910
-7200 4870
3594 -2317
-5643 -1504
5296 -2875
-3448 -1634
4880 5207
-7518 -3702
-3180 1372
-2253 -7467
1682 6180
9005 -6888
72 -9994
-127 -9839
-2176 5459
-6926 2152
5549 -405
743 2863
-9001 5100
-8642 6295
-7776 -2090
-1619 7104
-3162 863
-2877 3658
-4045 4870
6192 -8643
4771 5196
-1810 -5158
5203 8063
-4996 -3253
3521 1799
8900 -930
-4885 3363
-8068 -3886
-1538 -6709
-7592 687
4922 4510
1511 -8241
-907 8634
5418 5048
3504 5330
6405 -1726
525 -5406
3116 -552
-7344 -8160
9917 9898
3640 -7464
-1033 8755
5899 4621
-1411 -5640
-8368 997
8768 6554
-773 279
8314 8320
-1088 7452
3367 -3864
2781 3492
4410 -2974
8086 1247
-9805 -5538
6808 -9889
-5641 4168
-7353 7048
6643 8546
5389 -4769
-3374 7021
9949 -4606
3574 -825
5673 1887
-2506 -1695
-662 -5419
4442 -4161
8073 2572
2866 9879
-2461 3061
-1939 -5653
3172 6142
8515 9540
6910 8879
-8195 2298
-5891 -1569
-682 -5942
7546 -7109
3233 3218
8500 -5552
-4756 1558
2750 -6594
7398 4544
5978 3984
8143 -2762
-2956 -75
5306 -6064
-3934 3820
-6525 -3304
6419 -999
8994 -9472
7432 2032
-5414 4978
8644 -8461
1916 7143
-292 7160
2422 -3821
-5714 3540
-9278 -9736
-2477 8865
-2498 8288
-1211 -7193
-7777 8576
-9653 -581
-4729 6767
8420 -2015
-8985 9572
-9984 -678
8270 8661
861 3907
9524 -5710
4787 1945
469 9074
-795 1191
-6942 -9552
3776 560
8736 -3714
7088 -5321
-5139 -8845
7819 3854
-8358 6238
-8162 -3622
9531 -8145
5700 -8480
-9485 -3439
5427 -9962
851 214
5705 -4960
-713 -5091
6231 2345
-921 3727
-3375 -2186
-9988 -2567
6215 -1405
2309 4033
-7552 7673
271 -5714
-5950 3522
-138 9751
5042 4098
32 4190
4137 -5397
-5597 3562
-357 7411
-7809 -406
3476 1270
-6680 -6179
-7195 -2946
4975 9020
5649 1004
3052 -8183
-1324 -2957
-3897 6448
-9436 9687
6198 9328
3784 -50
3517 1641
4553 -8360
-4798 -2084
-7229 1115
7510 9968
-7616 -5450
-2491 -4811
1604 -7517
-2071 -2748
7208 -9019
-931 -4116
-1976 8894
-7669 2310
-7700 -7751
5358 6084
2199 -1126
-2275 472
4235 6648
8388 -9274
-2238 9618
-9307 147
-5833 -1798
9057 9493
4406 707
465 1613
1688 -6745
-8783 -6568
-7852 -2731
9463 -5552
-482 4820
-5748 -4563
-2586 1977
9630 -8352
-1375 -8263
-7626 -9893
-8646 -3212
3975 -757
4990 6753
-1265 3116
-2541 9200
-5271 -7133
-7546 -4054
-3701 -1677
3216 -517
6492 -3546
-5698 -9256
5613 1717
6442 5242
7086 -1213
-9300 -6819
-1105 -7946
-31 -7131
1297 -1320
9622 -9969
-8205 801
-7048 -3476
3668 -4594
6192 -6312
3730 3128
3171 3942
9582 7473
4686 8915
2910 4849
7878 -4
-6365 8578
6898 6251
-9369 -3134
9121 5650
5546 -7538
9402 -8938
3264 -7647
-2414 652
1481 -2502
4340 -4790
-9375 -2490
9152 -6072
-1296 7559
-7158 -8387
2407 -9281
5330 6042
9297 2227
6014 -6351
-7186 5134
9299 8360
-8684 -7580
-6858 8301
-5226 729
-1047 6255
-8053 -6708
-4815 -7427
4524 -1943
-3499 -6773
-4385 3064
-1439 -8258
3784 -6109
-8495 6801
9839 7519
-9551 -7348
6373 -6532
-5267 7689
-4111 -2125
9711 4384
-7676 -1337
638 -5728
5676 9544
566 199
-2400 -9213
7147 6937
3851 -4292
8679 1355
-401 -9817
-1844 3158
-8578 2326
5811 7795
5795 -5736
5484 -4596
5860 5194
9788 8185
-2423 425
-3823 -6748
3689 6743
7173 -8712
7530 4319
8225 5101
-9974 -9376
-3544 3346
-5472 8333
225 -4049
658 -244
-6255 173
4020 -7051
5577 -121
-8137 9085
1784 -560
3230 7961
6414 -3082
4703 3586
1928 5953
1625 152
4775 5373
4497 -8770
2439 9026
-6717 -7337
-5024 7662
2419 2442
-2165 -3562
5392 -2868
-9962 -9025
-62 1822
416 -6833
-217 550
86 -1794
-2144 -7987
-2120 9481
5886 -7346
8574 4104
-2395 1013
3129 888
3676 -8175
2270 -3905
7988 -6175
6254 7100
958 -9988
8076 -5384
1835 2212
-2217 -4662
-7239 -8411
7265 617
-2677 -4856
3818 -3070
1519 2392
-8967 9124
-6596 7883
3732 7080
-6572 -3998
-3105 -8585
-173 -3130
8516 -5495
-3118 -9689
-879 -7563
2523 -9375
-2225 5284
-7786 -4960
-4100 3259
3905 9718
-9812 -4576
5830 -5058
-1732 9234
-3455 -8000
-9966 -27
1723 650
5109 -8451
-8760 7345
-224 1844
7656 8897
4281 178
-6758 -4223
-4539 -4543
4538 5082
-7564 -1558
8521 -7376
7587 4350
1287 -4145
7305 7832
1576 7339
-2196 -6702
1709 -3367
-1432 2950
-6022 8344
-5207 -8367
-9039 9074
5533 -5797
-1429 -5286
3381 -6892
9797 5817
5272 -7963
-7839 2858
-9893 7169
8713 7412
5000 288
8471 -3476
3586 180
3158 -7846
-3150 -9144
-5782 1643
-3790 -4821
4437 -8258
3104 -6992
-3543 205
-163 -26
-257 -4892
5732 1904
7967 5839
-927 -9601
6972 -2207
688 5442
4318 -2006
-658 1196
3869 6192
2052 8088
-2166 -8018
-3013 -4008
-6275 -6189
-1000 3903
4017 8837
-2403 -6241
-6055 -2951
9384 -4368
-3392 2177
-3969 -6421
9971 -9561
-7258 8009
-1566 2084
-796 -3977
-1724 -5024
-5890 9831
679 4819
-4178 8125
-7650 8543
2027 6367
-8900 -6656
-6154 -1234
4114 -3049
4398 -9278
9128 -5851
-5699 -7182
-5411 -2957
-9174 3023
-7152 3751
9046 1124
-7553 -3123
4675 3127
-4584 -5782
1251 1487
-3519 -3001
1575 -2419
4064 5421
-9933 -1822
-7629 4465
-1100 -4780
-7665 6922
-1962 -3076
-6035 2586
-6333 -3187
-3664 -3567
-8343 2505
7031 -9948
-4369 -3833
-5730 -9398
7655 752
1322 -771
-7947 -4614
-5351 -7879
7285 742
-9694 -3816
9683 -7359
-6895 1441
3286 791
-5974 -9327
-8676 4084
-2893 -7019
-3412 -2142
-3245 5940
4026 1025
-9738 1680
-4503 1585
-9092 1272
6971 -722
3393 7976
-6260 7420
-5841 -2857
-6218 985
8585 -9212
-4503 -7390
-8538 -3179
-9586 2290
-197 -2998
-9853 6558
-3338 4173
1303 -3075
-4148 -9479
8510 481
1793 9201
-6520 -1094
7176 -2780
46 -4945
8085 3828
9761 6669
4617 -4743
-7001 9800
2079 -6586
2089 -4398
4137 2236
-4120 -9201
-3591 7183
-2276 5982
-8576 -46
184 3217
2875 3664
-4157 50
-5396 5890
8826 -3591
-283 8586
-6923 -1946
-2436 -3923
-2147 9643
3212 9942
-1035 -2652
5899 4845
1868 -3972
5748 -6688
-4270 7173
3266 5914
4110 -139
3298 9954
-6369 -8377
5843 -7544
-1968 -720
-5237 4831
7335 2327
-5372 -1092
5690 7840
2571 -5346
-1092 -1531
-6781 -9224
8218 8967
-5912 -6053
6139 -8925
-6418 249
936 -9400
202 4568
-4056 -235
-9256 7698
9045 -772
2528 -9901
-4725 7156
2729 -9036
8716 -4701
-661 -2377
7489 2558
-1601 9427
1525 6209
-6627 1384
-8996 676
-8368 5661
1277 5555
3949 -9059
-4681 4694
8639 -1915
-6079 1166
-1816 -803
2042 -9088
3882 757
-68 -3058
8381 1141
9500 500
567 4745
429 3941
-3871 5154
-1663 1482
815 -6666
-2963 -5237
-5724 6077
-6823 -7086
-5839 820
7802 6067
-6263 3564
-9301 7619
-5679 632
-5440 -3578
-4507 -2219
-9358 6061
-7475 4793
3722 2375
-54 -7942
-6143 -9240
-4607 4615
-755 3390
4412 2422
-9976 -7706
-6759 -8454
8361 -3022
5111 -7220
-1682 -6848
7133 6599
-426 -7374
-5621 3937
8687 -3095
-1271 2408
-7000 8676
8187 578
-6844 -6421
-4808 2401
-9311 -6675
-1456 -9286
-4381 5506
-7740 -2300
-7516 -8909
480 4523
-5757 -2387
1121 7538
239 5501
1475 2646
-3874 -6076
-4947 2847
-7401 -3040
-6575 -523
4261 2338
-8123 4950
5663 421
9385 -4998
-4073 -4634
2702 2132
-3543 -3097
375 4422
8237 -8505
1959 2196
-9284 -2846
-5159 -3158
4800 3615
9690 -8881
-9426 -3165
596 4835
9173 2474
3506 4836
-3385 2890
-6442 6263
8256 9982
2115 -1566
-3116 -7511
-7145 -4880
-6015 8535
-8964 -5299
-590 -402
5265 -5791
-6788 8675
-4672 -2493
-4491 9646
-3937 -5319
2119 9569
-6763 -7546
6179 -3204
-7562 8156
-3223 4553
-3411 7382
7043 3165
-3778 -8973
5420 -2742
-551 -5171
6856 -5287
2759 -6212
-2892 -8192
5016 2617
-8547 -8922
7299 7293
-5633 -5744
9747 -9454
1052 -7816
-7578 -8451
6738 2732
8931 7501
-4104 -1127
8528 -8685
6131 -2024
-134 6707
6411 -7376
-9506 -6482
-5568 5511
6136 -394
-9691 7155
-3102 -5323
-4869 366
-1056 9905
2550 1366
-8547 3008
-5903 -5895
508 3714
2978 2756
8750 2830
-5547 -1385
-464 -5416
4961 3752
-1898 -6887
2983 -2042
2720 3292
-1167 9618
-8311 3965
-17 4354
3869 -3746
-560 9043
-7018 7258
-3132 3491
971 9847
-33 3442
6397 4420
-7944 -347
9004 -9263
-6596 827
-6149 -9893
-7495 -9709
7121 1339
9909 -7470
-976 3613
6885 -3387
9867 -3676
-4345 -7152
-2697 2524
-9941 -8006
6091 3748
5436 2487
-1833 -8787
-4140 892
-8050 -735
-8282 -478
3093 -5777
-187 213
9283 3443
2744 -1694
-2945 3349
4919 642
-6607 -5705
7211 696
-9461 -9009
2691 6630
4739 -1874
2837 -3374
3060 8697
7518 5011
1682 -7044
-1747 -1504
901 -8213
8709 183
5230 5173
-7790 -3995
-1479 -9151
6647 1915
-4856 7578
-3669 -4317
