50
-12907 -45653
-14061 -49177
-36641 -99921
-35642 21511
-26669 35954
60707 -22110
-67743 71887
-51510 14887
-45183 38437
22508 85366
-78565 18593
-55300 -3442
14213 -68169
-88735 -61465
9722 68835
-20388 96816
-76818 -7360
74728 -86370
-7281 66175
35141 -6861
2129 -4152
71030 -38525
94824 46609
3451 -50360
-87866 -74041
62095 60660
44552 -93205
-42783 -41236
-61374 95572
-2701 48349
64406 4001
-27747 87588
96641 -53020
-98782 -83551
-86846 36359
9588 -57628
59296 -92294
3848 54119
-18596 34388
30848 -79372
60347 -7057
81288 -68013
-262 65594
-9248 38364
61165 15140
-86199 25570
-80860 -13946
-59753 42871
-39877 -58535
59320 -26722
1000
6320 -3975
222 -2778
2965 -2876
-2193 -4436
-4261 7417
2071 168
9457 2450
2984 -4879
-867 -2804
4042 -2674
6257 1752
-9591 -7838
-5773 -8119
2232 -627
-3535 3666
9379 -7216
9691 3321
6 6376
-9555 -8466
-8060 -3816
-7329 4011
6352 -4152
182 3056
969 -6965
-9749 -4990
362 -9771
-9518 4492
-7609 -5290
6373 4623
7804 -7163
-1712 -9098
-658 1699
4223 -6931
1796 8389
-1676 3736
-1707 995
1467 -1634
-9437 -4631
-8579 1532
2126 -4606
-9738 -7513
-4377 -9255
-9301 -1986
-824 7072
-7364 700
-6371 4645
1602 6692
64 -455
9761 -8141
1655 1805
9316 9948
-7201 4504
-1687 -2917
-6407 -265
8615 5719
5129 -7402
-8074 -5528
-2936 -7375
2486 6240
9697 8843
660 -2954
3487 -4018
-6262 -2729
5527 -2781
-869 902
9025 2167
850 -4456
391 9163
2628 3985
2618 4963
-297 1467
-8719 1630
5939 -1655
7976 2145
-1695 -8607
987 8965
-1561 -1806
-5054 5898
5466 -5806
-6883 -1683
5096 -4138
-5796 -4055
5127 4596
-1171 -2246
-1420 -4833
-3562 -7997
-9645 -2281
7354 6294
6065 5330
2160 -1910
6723 -6854
-2945 -1118
1341 2001
-5220 527
9916 1618
-7436 5012
7480 -3232
-5323 2606
-8637 7227
-5919 3664
-3885 4240
5668 -3530
-8042 3021
-3516 -8257
2071 8644
3555 -1207
-4489 -9391
7676 -9428
6331 -3824
1099 6247
7794 7384
4979 5273
-5849 9656
1599 -764
-9397 9401
-7101 -3282
7361 8567
6909 -6960
5309 -6608
-1496 -2621
-7964 -7942
9894 -2453
-7333 -8711
-1881 8999
-2535 -7062
8966 -4742
-9679 3944
-5749 -1807
7320 9571
7429 -8357
-7308 -5951
-1639 -9948
-3664 -4731
-6908 -8356
2383 1597
2745 8140
7376 2638
-593 -9957
3927 -8754
-7238 -4888
-5816 -4552
370 -1774
9392 8342
-9861 -9569
7912 7569
-7925 -9397
-4662 436
-5623 1674
9427 1190
3319 5530
-3493 -216
3669 -6117
-3858 -6925
-2353 -6211
-5679 409
-1099 2226
9578 -7009
-5828 8969
-8668 -5689
-6880 9244
-4400 -4805
-6432 938
9353 1666
-7388 -7501
-7145 9652
8029 -637
-565 1697
3246 9298
4772 -9108
-6914 -7187
5022 1987
5039 4599
4978 9211
7288 -9970
-2758 -9593
-7006 2843
-4397 -3438
-6220 -1324
8228 113
1175 -5196
-236 -797
4167 -7081
-5380 -2588
-7784 -6888
2025 -977
-4075 767
-8991 -5316
-4635 9708
-2385 -3627
9738 4857
-3220 -3547
-2301 6104
3015 5201
-1500 4964
-4687 9675
9768 8799
2598 7655
-8283 7218
-1213 -2345
-9671 -9189
6678 -25
1578 -8592
4659 -9337
-5164 -4006
-2964 -5426
-9149 7537
4748 2271
7362 1483
1192 -4139
-3554 6506
-743 -66
9025 -8146
1309 -9259
9073 -9905
2117 -6878
-5373 2516
3098 6205
3924 1477
-9412 8760
7472 1345
-2946 8323
2603 -8199
4314 -36
7006 -4494
9546 -6549
-4268 -1198
7107 -5244
4378 2136
-782 7171
2232 -8665
-9708 6859
7572 7111
6785 1495
-1412 7373
3975 -3941
-1282 -5250
-1898 -8680
272 -3864
5005 -2723
1642 4550
4450 7374
-2927 5277
-7871 -8550
-2588 1348
8621 -6636
6404 -7367
-9777 3975
9745 -9272
-810 2053
8101 -3115
-8168 539
5356 -66
5580 -4372
6070 4305
6626 1433
2576 4796
-1194 9649
72 4657
-5181 -8795
-275 -2840
-5431 -3872
3514 -1487
-6177 6979
-759 6734
-969 1063
-6382 863
-4678 8975
-5483 -9098
-1677 -5692
8928 -1331
5741 1503
-6535 -1733
4872 7258
-3356 9691
8463 6369
571 -3247
-3783 -5915
8987 40
-8937 -1772
-3227 3816
9291 4113
-5322 -5388
3087 -804
-765 -4870
7225 -1837
3799 2965
-6614 -9016
-8769 8259
8243 -2124
-8331 -9575
-2035 2241
-2822 4183
-9954 -3835
-2057 -8891
8114 4717
4925 -8876
2550 -6676
-543 -4364
6241 -7587
4487 3465
576 2006
150 3962
2991 1381
2220 1233
-7023 3890
1658 4664
-149 -7443
-1154 -103
2443 6789
4727 556
5226 3373
5401 -2225
6697 -5143
7132 6658
-2730 1618
122 -8434
-6376 -9729
9250 -9665
5373 5190
1568 -7929
2800 -3054
6735 -7350
-497 -699
2547 -8055
-3911 995
6222 -4964
-5633 1622
2811 -5216
6480 3664
-8559 -6251
-998 1563
-963 6347
5555 -1714
6682 4648
-6525 -1751
6719 6276
5196 7174
8926 -1581
-3526 5194
365 6285
-3812 -3414
-8680 4276
8209 7852
9060 8409
1515 -9500
-4122 -9483
5784 4915
6864 5059
-6800 3546
-294 -3324
-4485 146
-3328 -5569
-2681 -4403
2851 3794
-5489 -6785
78 4420
3522 1398
-1305 5451
-751 1475
3859 -5515
1975 9738
-1277 1479
4652 -4414
-3463 -8427
-7148 9965
1970 2089
110 8642
6520 7429
-2041 -630
1222 6192
6306 -4980
611 -172
-9862 -6973
-4722 -612
8223 -7142
7594 3919
-7405 -3684
-4603 -9033
5623 5656
-3739 8476
5620 8231
4285 -4271
-9408 804
-3122 2273
-6105 8101
-1536 -9800
-3159 -7205
3749 -3020
-457 -7252
-9912 -2234
-4394 7682
-8316 1922
-2282 802
6610 -6660
-3543 -7129
-4464 -4203
-5178 9821
5247 -4585
625 -7875
7688 4520
-6054 -3849
8441 787
2667 2190
7767 -7790
8659 7855
-24 -5736
9257 5381
9907 -3026
-3818 6516
315 6361
-6893 9572
-7843 -2070
9393 7405
3345 3738
-6750 1032
1978 -2804
-9097 418
7983 3570
-3672 9471
5780 -5014
-8955 -524
2971 -9698
-5144 6598
997 4760
3114 -4968
1120 6221
-5396 3277
-5850 -2283
4402 -8785
-8546 7652
5968 3432
-1432 6871
-2430 -3449
4162 3899
-258 3662
-7395 787
-3141 9298
4810 1715
5895 -4193
-3526 2729
839 -8686
-1050 9164
8313 6821
-3120 2714
-8243 -1666
4087 7725
-4514 -7346
8317 3057
2926 2478
676 -7333
-140 3281
7176 6719
6299 1985
-1566 2194
7792 8629
-5078 2352
9944 7593
1515 -8024
8135 8396
4690 9892
-3271 2497
7616 2216
8873 5932
-1007 5519
2130 9669
8187 -8010
6670 9083
8709 2969
1067 863
-1117 -1141
3213 7526
-8790 6877
8840 2725
8853 6974
4841 7263
-9415 -8430
-240 8201
7507 2353
7854 220
-2129 -17
-112 -222
5694 278
-1140 4403
-3033 9928
-1014 9571
2507 -7802
7097 7438
9075 5936
3883 7927
6630 -1276
5190 7215
4015 -1330
9136 1521
-5257 6989
-4539 2614
693 5349
-3887 107
-653 8694
-1770 -9965
8621 7217
9606 4848
-6865 -9578
2285 -7790
-9922 -3832
-6143 6708
4892 -7233
7643 2627
5158 6779
-5853 9901
7488 -392
2515 1901
-1323 -7652
-7992 -8256
-8959 238
-8221 -6617
1175 -4894
8231 4311
-4472 4237
6521 -4393
-5875 -5902
-3965 -7263
-3134 -6322
5364 -7977
-5823 -6769
-8076 -8336
6560 8160
7287 -1043
-5772 -6985
701 -4731
3253 6202
2373 -5572
-8693 604
8739 -3165
-1439 8980
2442 2686
-3202 8478
9144 3664
-4124 4507
9409 53
7738 -4947
5438 8018
-3067 2724
-3026 1161
5739 7675
-9850 2713
3876 2524
-9139 5183
-3152 -6680
-4261 5409
-3980 8181
1815 2818
-9622 958
-3518 -25
-815 -389
-9973 -3078
4664 9187
-5061 -8404
5631 5634
6478 5091
3308 6628
-2197 905
-849 2385
-192 9720
5705 5547
5128 -8276
7449 663
4542 -8453
-4659 -5256
1523 4526
4355 5271
-4832 -982
4457 3828
4335 88
-539 812
-4822 -3510
-2560 6702
7395 -9689
-914 923
-9969 -5210
191 8880
235 1360
-457 -5224
2907 8605
3242 -1850
3131 -2404
-6579 8299
-9665 -8402
2127 4670
1686 -4692
-797 -9416
1798 6643
7286 2913
-9326 92
-6164 -9295
8603 7748
-6694 -1163
-893 6570
7335 -4266
5174 576
3885 -1696
8172 -8974
324 -7773
-7376 -7550
6898 8032
1479 -3900
-7664 -6723
-3537 9623
6190 -2863
-286 -6254
1564 -1683
-8507 8591
-9126 600
5160 8209
-9945 333
-1216 3940
-7642 677
8687 2682
2904 -4969
8853 3522
-6938 331
-6658 -880
7329 -195
-1258 3519
-9337 -7824
-9015 5948
4214 -7521
4538 5089
6800 3418
7018 6855
-6250 -477
4515 -171
-9801 6922
-7490 6824
-8047 -4917
346 -1264
5415 3688
7856 2743
-2786 318
-18 1598
6216 968
-2455 429
7168 -4197
-762 7688
9221 -3744
8264 -3309
5779 2778
-9759 9699
3421 -3528
6522 5374
1556 588
-2170 691
-2003 -593
-2846 5211
9725 7137
-3192 5940
1825 8074
90 2713
-2403 -6952
400 538
3025 -1337
-9051 2524
-4838 -8810
2222 8583
-2337 2465
7677 -7061
-3227 -773
3630 4770
8634 -9217
3701 -7921
-8360 -5771
-8261 7186
-7698 5550
-102 3620
8599 -9702
-5843 1623
2682 -4893
-2132 -8436
18 -6190
-6133 -8599
6275 -4736
-5660 -3231
4492 7970
-8462 6846
-7526 8961
-7355 -5886
-6811 -5615
-8700 -787
9935 4919
-7168 -7747
8938 711
7598 1620
5818 -4535
6905 -444
-725 -9228
958 -729
-3964 5298
6040 -5752
6989 -8702
-5185 9463
-9742 -2540
-6424 -6552
1845 -1403
2661 5501
-6484 9214
-8526 -7547
-76 9072
7794 -538
-5464 4699
9019 7533
9192 3697
524 -4773
-1006 -3437
3197 -297
-2139 8012
-835 1841
-4529 6463
5289 -8963
-1220 1670
6538 2296
883 8012
8471 -9193
-9196 9985
3990 -939
8404 3008
-3407 7595
-3296 7117
-3457 9420
-2600 9740
-878 8983
-8529 -7992
823 -3058
8471 -168
1700 971
-4778 1958
-3012 9826
3691 -4542
-5647 4495
-837 8344
-6445 -2433
1351 3870
-4839 -8224
4707 1704
-5084 -4172
5164 4038
-5190 6635
9767 9354
-2702 -8043
2906 8998
2929 -8152
956 9917
-8327 -5354
-905 -3973
-7139 8258
-5630 137
-455 9442
-2273 8428
-8783 -7566
131 -3867
1983 -984
-6108 -9487
-629 -2621
-6413 6669
-663 6493
9388 -4014
8341 4064
-4098 -9987
-7570 8718
-239 -4709
-9305 4131
9149 241
3573 -3124
-1332 8511
3031 -7481
-5356 -4987
5256 2257
-4474 -5373
9636 -887
-4984 2693
-674 -1876
8679 1387
-7813 -5420
5121 -1662
-2982 -5118
3629 -2286
9013 6499
-8325 6306
-6626 343
4817 6405
6583 -6819
-8583 1839
5438 -3057
-9814 8794
9777 -4798
1487 -898
3327 165
-9512 9235
8467 5609
-2427 -795
-5789 -5078
6919 -3055
-8580 -7686
-6750 -5206
6378 -8213
-5081 2961
-5032 -3664
-1480 -5874
7000 2427
-3359 -9504
7629 8128
3319 4676
2013 7528
7632 4200
6858 -1075
-6595 -8932
3847 -5956
-1987 8989
-3641 1264
-2497 -7264
6772 2423
9418 -8260
-7521 1658
-413 -6800
-5916 6228
-6304 -8287
8076 7016
-9891 3810
4543 -8539
1730 1400
386 8856
2469 -5767
-7100 -5798
-3058 2980
9187 4445
9437 5959
-3133 8855
-8581 3068
512 1006
6268 4597
955 9964
-9970 2751
-9301 -6140
281 8964
-4678 -7989
363 9429
-9134 -3448
-6339 -2513
4476 4324
-9534 3662
-1231 9904
-380 9357
-7522 1039
2424 2990
-4234 -1309
1307 -9559
2376 1337
3192 3075
8919 -6527
5759 -5760
-795 -3878
-6332 3792
6395 1051
-8721 870
-4626 -4534
-1747 7864
-910 7873
7221 1568
2633 -356
-1721 -7881
-7944 9586
-7440 8153
4644 9473
1227 3562
-3334 707
-8478 5871
6829 -1089
-337 6944
-6318 4663
1535 2778
-6151 9788
641 2940
-8620 1582
-1772 7734
-5053 6507
9853 -2997
9814 -7588
-4845 4457
-8115 -9898
1739 -1449
809 6982
-1857 1358
-4108 -8474
2023 3296
9910 -2722
-3927 -6242
786 -9566
-9582 2166
2017 -1353
3621 6964
-4847 3473
-2313 -5034
9607 2842
-6857 -4788
6665 4882
7484 1195
5584 -4374
-3727 -8524
873 8296
8493 782
-706 -5435
8262 -9921
-5001 8680
5967 -9264
-2674 -413
7700 6201
-6941 -4614
-5113 -3614
-8052 -1969
1598 -7666
-3367 -918
7250 -7783
8429 -6478
-2586 -698
-4461 -4094
-6196 4833
4192 -4214
8634 -7089
-5534 4600
-6352 5513
-5814 -8653
1713 966
455 6601
-8927 6124
-1648 2671
8458 8706
-4527 9428
-5357 -6098
-7050 5778
6925 2210
-8317 -5551
-2958 9596
236 -4325
-7493 4702
-6005 -3845
3935 1902
1223 -4352
-3411 -8323
-4031 -2338
-8478 8042
-5947 -6300
-9533 -473
-6872 -4889
7150 -3922
-9112 4074
8288 -3707
8523 -950
-4112 -1242
8447 -1605
-2820 -3838
4550 -8885
8065 -506
484 -5347
4892 -9827
6036 6414
8215 -9912
-9886 8682
-385 -3037
-2487 -3236
3041 2123
-5442 5049
8416 -6919
-2181 -1976
5560 -14
6420 -3539
6149 4690
1297 4213
-5817 -8220
-7414 9076
-4326 8622
9210 -6112
8710 9324
-3710 2046
-3714 7525
-7470 -6953
-353 -2911
-8184 1783
3891 3357
9807 3171
-6658 9947
9632 -6789
4637 4649
7424 -7460
6429 -6270
-4664 -7898
-7649 -5454
-289 -5218
-2410 9723
-9452 7598
-9033 -6922
-5635 614
3888 -3818
