50
-70079 -26781
-43062 77331
81841 -49362
-32683 -73217
48921 82540
97997 83111
-24266 -11999
-49424 21158
90704 76645
2390 23951
48516 51097
-29674 -88979
-71368 -32366
-90833 16782
62233 -11181
1686 92155
-10873 -14287
69485 -29033
36351 63891
-75160 -87639
46430 -77164
95472 -77837
-62073 -53952
43321 55720
49782 72800
-20330 -1703
-49014 -22915
-63593 -20382
-28191 -54426
96401 -65959
34393 -74825
53285 -76480
10888 -50141
-5513 -52762
-86251 19327
86689 -12731
-30747 82161
9432 7180
55298 79843
-37101 5079
-20269 -30342
30465 30717
46743 66872
37425 45641
-87554 -39086
6772 -26072
-13911 -39944
-2552 96977
-62996 19025
-55786 77844
1000
-5362 -3829
-403 -2739
2989 -2672
8625 6259
-3990 -7945
-9417 -8870
-3684 -262
-6252 4446
-3262 -1667
-6183 -2644
-7974 494
-582 1021
-2463 3816
-9704 287
-6546 -6483
411 -1907
3409 -6272
9075 118
1057 -8580
-3624 -9213
-6525 680
-4362 3513
-9583 -613
-2042 876
7720 5496
-8047 9747
-289 1371
4488 7248
-4814 8506
1255 2362
-7978 -4613
-5825 9152
-885 -3030
-731 -9829
-1610 9366
-9041 5587
3766 -3403
-901 4183
9705 -9223
-1221 7425
6273 732
-9109 -4017
-4177 5379
-6770 4731
3884 4486
-2908 9627
9873 4988
-7502 2708
-8043 1767
2880 348
4853 7560
-4066 -1382
-2123 8754
-3479 -2418
9531 5301
-1273 5803
-247 -382
-4493 9298
-1283 -1263
4028 -3678
-3057 -5160
-331 536
9828 2168
-3035 -8216
-2345 -6435
5853 -7492
-8876 -4493
4847 2722
-5740 -8632
-5976 -6210
-9611 2751
-6686 142
-3911 -1179
-561 4807
-8722 -2813
-8872 1943
2027 797
-7522 1854
-3315 3164
7360 4341
6729 3212
-9431 7853
8720 5416
4296 -7021
-9496 8320
491 -9107
1071 3805
1036 7160
-7375 -5805
5687 -6097
1383 6815
9567 -2870
1333 -4234
-7295 -8262
8930 -9936
6079 5659
6997 -9632
7232 5716
9506 1527
-7584 -9991
-153 6628
-9097 -5362
4153 5660
-4482 6778
-6425 -8795
-5599 8679
-8260 -6032
-4191 6794
-266 -1486
8533 2384
2299 8332
-1958 -705
-7579 -4726
-1268 -8074
6801 4869
-4344 368
1496 280
5006 -4352
-340 -5755
-3854 3236
-829 4268
1914 911
-8044 7723
1426 5411
-43 3679
-2205 -7745
2010 5837
1551 8152
-8890 -5997
-9923 -8368
8872 -545
2000 4088
9735 727
-6544 3116
4972 -398
-3649 -5858
-2410 8265
8774 -453
9709 3920
-5043 3386
-2402 2752
5642 -6671
2310 913
-8520 3420
4916 -4721
8773 7508
4734 773
1595 8189
-8501 5051
1304 -9809
-1627 -8625
-1946 5963
-6639 548
-770 -6931
-5532 4188
-9825 2066
660 5817
5395 -3310
450 -9404
-6169 -4635
-4125 -7397
-3407 -5671
3376 8188
-3762 8596
6959 -8737
8787 -948
-7362 561
-4985 -4001
-8891 4245
2789 -4423
2153 2965
-8637 -3466
2502 -9521
3224 -7048
-8925 7055
2038 671
9659 8632
8721 6755
-9461 -5042
5351 -8781
-3779 7858
271 2581
-1581 5286
8580 -472
3252 5090
5105 -4596
-1946 6468
1938 -5724
6947 -1117
-2772 -8258
-4063 -7013
2413 -4405
-4661 4854
-3929 -4122
9813 -8579
-2903 -246
9279 7369
-7666 1418
6375 -5365
-9055 -374
9725 9771
8752 1499
9960 4410
5775 -9374
-6708 -3276
-7631 -770
-289 8503
8546 5050
3357 -5384
-5352 6890
-242 1746
-3357 2758
2835 2699
-5825 2930
7334 -1158
-7444 7058
-1388 -4972
-1444 2292
9438 -1949
2919 -7270
4775 9009
5681 -1794
-8769 7947
-3024 8309
-3716 1625
5198 6042
-2909 -4438
-1201 -6354
8261 6696
6576 9315
-4463 -7148
6372 7870
-2120 -1352
162 1039
-9581 -6920
7490 8916
-4191 3170
842 -2960
4837 7819
-4651 -8880
3164 -5733
-9117 -6025
-171 -318
-2379 1810
98 -2083
1124 5635
770 1216
3505 -7630
9864 -6334
3409 -5996
467 898
-7081 6276
-2212 3761
-6685 -7375
5300 2385
-2534 -1537
6653 -1651
2438 202
-8248 -6221
-7988 1850
1697 6857
-2515 -3813
-1927 -5290
2278 1657
2097 -4313
5661 -7437
-9695 8580
-7441 1815
6062 -405
8161 1361
-8020 -4374
-6455 -7647
3976 9704
2555 5728
-6517 8288
1298 8901
5145 -7497
-1192 -3062
-2787 -8915
8595 9310
-3228 4256
-4407 799
6556 -1848
-7387 6338
7748 -9227
-2301 -6552
120 4965
-478 -5905
4668 -7924
-6457 8151
-5915 4842
-9229 -7050
7345 -421
-112 -1721
665 -1518
1309 -8843
-3542 6903
5677 -6986
-1225 8290
9352 -3478
-7217 771
3691 2904
-4265 -6788
-9281 -5876
-990 -5737
-4005 3095
-7175 -3233
6045 -6110
-9934 -347
2169 731
8135 -2801
5610 -5407
-5899 1286
1328 2876
-424 4400
-6881 6080
-1108 6810
-1017 8348
-6257 -297
-7529 2753
7687 -1533
-432 -5768
8955 -4388
-1878 9021
8986 -5988
-248 7120
1211 -918
-4567 9033
-9633 6761
1908 3664
1161 5027
-256 -6227
5558 -7553
-7880 9301
2150 -5408
2053 3557
6780 -4659
7789 5734
4674 -368
4754 3659
3644 -1774
778 -1425
7308 6212
-2393 7676
2972 -6765
5060 -2147
-8017 -5197
1626 7541
-2749 7468
-9439 -6879
-7941 6335
-9601 -7441
-8325 8188
8293 6349
1540 3046
7 -1096
-8728 -9216
7479 -7700
-9284 -1194
9976 7410
2042 5036
-1017 4025
-6441 -9391
5286 4531
-8203 5847
-8627 -6144
5902 -8228
-3585 7577
-6320 -1572
3925 5221
-4806 -6069
-5876 187
-1564 -4676
2488 2874
4130 2463
283 -108
1219 9266
-2363 8500
-6405 -3357
3030 -4608
-3790 8124
2969 -7889
-6384 -6896
9688 -2703
1532 7333
-3762 -9553
-5016 4083
634 7142
9407 -6879
15 7258
9306 -5982
870 524
-6717 -7772
2744 600
-1129 -4226
9713 5082
-2382 6403
-9087 1235
9507 -9399
-7748 4760
7934 -1510
5207 -7082
-3707 -4160
-9941 -4300
2683 3795
-3322 1988
7813 -8732
-3768 -5184
-6504 8977
5416 6089
-1529 8850
1170 6089
5252 2083
-2677 8479
6405 -425
6959 8060
-8215 5886
-9023 -1921
-4553 -5243
7500 8130
-7728 -2102
117 -9916
-834 6349
-5100 2663
5325 -5963
-1249 -6205
-7114 -6359
9885 -8142
9445 928
-5943 5850
-9497 -8984
7630 -3991
6902 -7673
4088 -7652
-2916 5308
-9523 -644
-6795 4315
3161 2372
664 8061
-1245 -291
-4182 -8774
3505 -1296
-1412 7110
4283 -1968
-1963 8341
-2398 2261
-6923 -4769
8271 -6301
-2442 6079
-3952 8363
1387 246
1439 4592
-1718 -5401
684 8946
-3619 9439
2375 2199
-5615 -4121
-5376 2973
-3291 8907
-8995 4747
-9033 2328
728 -2235
7560 2719
1465 -1162
-1202 -8767
922 -6095
5200 -7640
8497 -6519
681 2902
-3853 -9218
2340 8523
2981 6726
-1878 -8675
-302 4832
-6047 4424
3299 -5080
-3248 -5974
2686 -1968
6746 -2129
-9410 -736
-896 1512
3169 -5697
7594 5386
-2215 1995
-1713 3932
2777 -5652
2454 -4243
-8927 -5703
804 4492
9129 4757
2637 2427
9677 9389
-9827 6083
1141 -9361
-2326 5452
-97 6778
-3036 -3208
-8919 -1722
-7822 2587
-9728 4186
-3482 6770
8534 -7307
-7474 -6673
-3010 7051
-8460 -161
1807 4177
-7735 5205
7286 -3841
5008 2147
-3201 -7318
-2402 6702
9460 8283
-2785 -5739
-3440 3114
6848 553
-2701 -2913
-2678 -446
3501 3570
2881 -5789
620 8142
4050 -7573
2318 -9965
7632 -397
-3806 2639
-8251 6714
5321 3069
3416 8502
1351 -5649
-7238 7912
7465 -6669
2185 -1516
418 9508
8038 -6082
3077 4640
-1871 -6304
2781 -4101
-156 -4901
-4066 1196
8423 5849
-6165 -6107
2563 -7124
6962 -301
-4902 2033
4050 1582
3665 5235
4913 -4150
-6282 -4670
-4643 -8244
2969 -7846
6396 -8903
-4150 2897
717 9416
-8284 -9629
611 -6140
6220 8167
-2247 2503
-5236 -1565
-4078 -138
-5812 9972
-8557 7854
8927 -9924
-6297 -7355
-4594 -940
-1878 8375
4935 -1762
-6808 -9216
-8866 7630
-6080 -7149
8001 4532
-3289 7942
6419 8185
444 -8818
340 6367
4766 8249
-9942 9930
6102 8986
-9994 9805
-4649 -4588
2585 3473
-2492 -2481
-8290 4421
2025 -3435
2051 9666
3137 51
4197 -6432
-2008 4337
-4527 -7843
5519 5813
8524 284
7783 -7698
214 3884
-4992 220
7410 359
9353 3715
-2448 581
-8766 -738
-4998 6980
9549 7053
6645 2685
824 4563
6254 8817
-1101 -8274
-9027 -1862
-8740 -6783
-7857 9043
-760 6078
2926 4249
18 4056
-1672 -630
-2229 5881
9952 2726
-1137 -5047
3426 -1589
-4274 70
-8904 6550
-1647 -8930
9087 -9028
-7204 -6220
2832 -5944
718 4975
-3181 9959
1052 -6534
7928 -8931
7522 -3745
4160 -4708
-7865 7832
8018 4720
-3495 1443
-6870 2231
-4766 -2053
2502 7308
-983 1588
-7999 5535
5369 4833
9591 -193
3528 -3590
-235 -1700
-124 1413
3090 1118
7669 -2751
6411 -6476
-4919 8149
8244 1586
3313 -4905
-2462 8547
3042 -9961
9575 -4220
5348 -8425
-8686 4437
-9872 -5375
-5756 7377
4756 4009
-4324 -1648
-4578 8766
9471 -3189
-3985 9602
335 4817
7750 2300
123 1062
-8885 7661
3329 7878
-8580 6625
-6343 6769
8200 -1308
1205 -7951
3318 5449
9426 1794
3179 -1177
-9854 -7679
-2412 9617
-868 7324
9218 -6813
5861 -9313
9208 -4016
1750 -9678
-6356 -1201
8201 -1214
-4577 -4422
-4446 -2656
7992 6759
-607 1309
5929 2539
-6898 -893
-8639 -3031
1428 2671
-3415 -5720
3715 -477
1188 -424
211 4117
5560 -4319
8160 -7076
4480 -9920
1710 -6376
-4341 7264
968 -6350
7744 -5919
8680 3672
-9660 -4498
-3501 -4577
2472 7927
8094 -7223
-4073 1808
2301 -9165
-8617 -3768
8673 -9337
5634 6833
-6412 3834
6913 9019
7458 -3708
-9997 2146
3663 7747
6227 2342
5139 -9712
-8435 -8363
-4289 4037
-6716 -2475
-9466 2932
9333 2835
3767 -5563
-7213 2440
-1179 -7859
2993 2409
5976 -95
5149 7154
9919 5152
-700 3581
6619 -753
-356 1757
-465 1209
3394 5246
-1034 6678
-7230 -500
-391 -4176
-3944 -2904
3982 2564
-6744 -7198
4706 6249
8933 681
-125 4081
-2166 -207
-768 -9146
-6627 -429
102 3017
-8673 -6643
-2054 4721
8604 6912
5119 -4906
133 -1552
4639 6189
5544 -1380
-1248 8801
1423 -6543
8770 355
7859 -1356
-5565 -586
8437 7388
268 -4469
-3042 -9631
8548 -1715
-6273 215
-3274 -3949
847 -4435
4866 -9021
4013 -495
-9112 -444
8125 3362
2077 3268
-9461 4568
-6378 8399
-6789 1778
-2188 -4631
-835 -8200
900 9844
-4109 3168
1849 -382
-2897 -7705
9390 7951
-2140 4255
8930 -8128
-2520 -6461
5150 -674
6901 947
-7407 7440
-4486 -3784
5838 2447
-8286 -2630
-8464 4601
-829 6157
4444 5062
3045 -3707
-1600 -9852
2309 1510
8099 -9831
-515 -9252
-7959 6966
-5713 -9089
-3709 -8813
1859 2605
-7652 -8907
8821 -8094
7261 -5744
-723 -7483
8857 -7832
8674 3300
-9050 1719
-6687 3071
1867 5623
-5420 3686
5792 4065
4434 -8447
4751 8722
-3814 -5238
-6371 -8235
7368 -4023
-3421 9909
-2116 -6160
-5836 -9119
-3643 -6980
-6951 -1248
-9959 -2280
-9530 -6646
-9210 6058
-7303 -4630
-257 -7791
-6845 -2103
-2516 -8373
339 3670
110 3969
5435 1198
-6334 -7987
4828 1550
-426 -7288
6152 9653
-4267 9201
-1596 -505
641 2595
6570 1431
2373 9268
-9479 -4164
-8524 -2602
3733 -1040
-975 -2207
-3650 -7145
-8239 -8216
4054 -4573
-2481 -1119
-9302 -9187
1593 6850
-9535 -8954
9772 2590
4262 412
-1095 832
-4436 -8723
99 -3915
834 5296
3483 -1712
-5744 -3772
6081 606
2805 7842
6112 -3142
-3011 -2649
9460 1408
-1836 4773
1979 2351
9541 5471
-5060 3802
-397 7567
-5367 5167
-7436 8453
-5027 3399
3749 -7824
-8314 -8275
-1595 7767
6052 -5070
9329 2163
1788 38
-6766 4968
-8554 1399
3461 3425
-2530 6722
2616 2410
4245 -7782
3697 8878
7386 6262
-8949 -7642
-340 4800
-5466 1346
-9755 6660
2833 6297
-8411 2161
2181 7098
-7802 5415
5786 -2635
-3187 2968
-5490 4283
-311 7126
414 -6067
9345 -2169
-3468 6730
-5908 -2417
-7192 3752
-3897 1063
-1182 -3652
-2277 -4629
-7356 3033
7532 4825
3852 -6549
240 -363
816 -9227
-7396 5327
8778 6015
6173 2912
9948 5517
-9258 200
5967 -5165
7783 8775
-7693 -2394
-162 4847
3954 -8719
-9783 -9681
4314 -8530
5144 -1835
-1358 -896
-8477 9458
3599 -5873
8505 6097
-6138 8399
2729 -6190
3915 3471
4010 -118
-7974 5514
-1344 -1945
-6881 -7786
-3378 -9206
-6505 -3161
-8887 -8470
2030 9978
3416 -9329
2803 4939
-6150 -3599
-7213 -3925
-3782 -3351
-5527 8947
4180 8389
6138 1911
1991 -8115
-2576 -5633
3661 4264
-3418 -9718
5058 3798
842 9892
5328 -7128
9870 2465
-2736 2672
-2597 1114
-7207 190
7190 -989
-9440 -8338
1678 4740
-6229 -2185
-3350 5762
3421 7795
-9871 -2919
2059 -3289
1084 837
-5771 -8074
729 9558
-1481 598
2022 5783
-3010 -6855
-3103 -217
7057 -2193
-7486 7617
-531 4192
6077 3241
-4273 -3552
-998 9149
-5758 -869
-50 -9979
9563 -5245
4580 -6208
-3319 -4692
-2930 8921
9627 -7188
4703 -3384
-4043 -4680
-9881 -3266
3127 -7367
-5650 -7404
-9455 -9573
9558 -7
-3125 2280
2862 4838
-8589 -7188
4860 -5306
-2433 -561
-1514 7969
8468 9277
-9391 -8186
-7912 5312
