50
18824 -29167
41241 93416
-81319 75112
-36499 -8208
-77765 -86807
-9597 -65488
-42391 -82259
-1248 -62998
27073 -35316
-43008 -97716
-57364 78250
28971 18546
-98159 -48184
-99580 -71731
-98904 -81838
-57985 -52991
-83916 10345
-59576 -65234
-14544 -68986
-46353 -65220
-55792 44051
-30707 -71094
61792 -4866
92998 -84047
59819 -50011
45327 -97546
-71762 -25703
-51911 57169
-46797 -51491
12528 -45701
-33328 54543
-71602 -17244
91977 -31178
-55389 -22567
-73074 -1741
-60698 -28866
-57691 -64316
-72871 31190
30819 -79874
-25768 -9363
-29885 -80442
-79820 -74557
-6144 -31731
82612 -25852
-56133 -4861
-44464 -62372
76771 -16066
20385 68748
52757 -7915
73270 6772
1000
-703 5598
41 -6264
919 -2830
-8765 8417
-1388 -9422
5374 -62
-8148 7308
3097 401
-5683 -6716
-2320 4926
-8881 8237
-1254 -7678
1899 -8959
2694 5179
-5113 -1927
7630 7906
-2609 -2330
-8359 8310
8561 -7123
-9554 893
-2824 5820
-9170 -972
6848 7649
-6851 -8836
-5347 4550
9812 -4228
6508 2278
1815 2127
7040 -5492
1026 -8074
6302 -1345
-6448 -2586
6325 -4806
-556 8606
1792 -109
-502 8968
-4290 4049
1717 -3721
5418 4866
1164 -9930
3137 975
-436 -356
-3027 -8622
-8230 -5988
-392 2796
-340 -4091
-8550 3212
7044 -8505
8406 -3512
-9900 3918
6379 3319
2886 -4191
1088 -1677
2088 -3494
-3091 -6748
-3424 -9955
7948 9861
-311 -5079
-8761 1459
-1067 847
-5746 8593
-9524 -575
5526 7521
920 7652
-5992 4741
1570 -5893
-1941 -1824
-84 -7132
6499 -4275
-626 -6593
-1023 9671
-6547 -3076
9532 6863
5566 -9230
-1678 -1780
5338 6297
533 9535
-557 -3942
7055 -9638
-6290 -5217
8825 9001
2611 -3117
-2824 -7473
-249 -2605
-1748 -7155
4523 -9051
-7484 -8304
1594 -4232
8560 -2840
259 602
5380 -4404
619 -4088
-4870 -9939
1971 -4094
-5855 9402
4410 -7031
8402 -2979
3573 -702
-452 -6676
6693 -8480
-110 4936
-3810 2406
-9647 7784
-8106 8913
-5057 2153
3235 -5957
7749 -6147
-44 -3400
-2364 -4353
6227 1781
-4952 636
4750 -2830
7657 2043
6468 925
9088 6881
2445 -1022
1816 8635
-4896 2169
-9861 -3001
4802 -4918
9152 -1964
-874 -9379
5611 -7198
942 -6754
-1551 -2832
8748 7218
7804 7218
-5613 5461
-740 -9146
106 -1652
-8545 -7449
7326 3271
-5094 -3850
-839 -4955
3149 -2317
3849 6022
5720 -3305
6643 5051
-503 -2416
-7983 -8334
4752 -5515
-7396 6276
-8298 -3009
1736 4683
1566 -8158
-6970 6742
-1886 -5924
12 6741
227 -7107
-4493 -2904
577 -6924
-6883 17
3492 9760
-1212 -3291
1064 805
-1625 -464
5290 4700
-4188 -9288
-4589 -8732
5395 6977
-3169 -7854
3718 8666
-57 -2550
5407 -6110
4065 -5366
987 -5359
1431 7825
4658 -5078
-8695 -6555
1631 2369
7971 -6274
-8095 6981
8426 1438
7693 -6164
2706 6808
-5467 9538
8954 -8029
8203 2618
3142 7330
6508 -2794
-4316 -2506
1847 7115
-960 225
-4243 345
7391 7388
-3566 9082
-8887 2060
6062 -6741
-6503 7475
-2905 6204
8004 1628
9462 6957
7320 -8616
-426 462
8715 -197
7668 -1881
-8983 3236
-1045 57
-2819 4712
-9599 -5428
5821 -3164
-2626 6934
-7384 -6564
-9807 -3886
-5369 1009
-3962 -7366
-3642 -4501
-6688 -6323
-3117 6607
7860 -682
-3591 5528
7438 -2573
2484 113
7484 9665
-5176 -8394
-5764 -9356
2163 5332
-8701 4779
8768 -4787
-5387 -2881
6222 651
-246 -3700
6150 3066
3699 -3246
3393 1558
6072 9803
806 7230
950 -6711
-2658 -1567
-7046 2167
3760 911
6532 -357
-3758 7831
-5578 -1270
-6957 -965
5850 -7014
-6593 -676
3007 9557
-3890 -3295
31 9503
8264 -3897
9305 2790
-2947 254
6080 4396
-7592 9034
283 9889
3665 535
-468 9908
2087 7675
2358 8851
-3291 -1793
-8164 3837
-8749 8565
3394 -2639
-4731 -2855
-3136 -2747
3248 -3832
-9957 -5978
-9857 6123
-7862 -3728
8877 6142
-3840 6262
-3324 5692
6169 8763
3366 2248
7614 -6204
-5825 -6830
7633 -4573
-8266 4747
2788 725
-8108 9652
7978 8861
-459 -8259
-7118 3405
-8416 -1259
9677 -9540
-5118 -4164
6723 1559
-4751 6612
4042 -7665
2580 5376
-3869 6756
8547 -2515
-7818 -5999
-4048 4970
4726 -2156
8343 6425
426 -2117
8166 7029
-8713 9751
-4230 -5316
-6069 652
520 -5626
-4069 9490
-5293 9974
-8175 7287
5349 1677
4042 7616
9162 6224
-8383 -4886
4915 -9937
6679 3257
6488 825
-8861 8375
-2146 -3853
-8155 3624
831 -4224
-5725 -4929
3872 3928
-5439 8579
3901 -3614
9586 2970
8063 3628
586 -9055
3572 5924
-220 -1514
9708 179
-4537 6196
-8996 323
8291 -1142
6470 -9865
-3798 1021
-368 4198
6093 -6497
-1875 -5626
-4198 -4254
760 -4612
8717 2543
-7264 3023
7209 6308
2667 709
-1485 2374
-9112 3978
2290 -8108
-5699 580
4471 -5509
4436 -9328
5513 -5932
8591 5326
1292 -3284
9700 7095
2462 4180
-7518 4899
443 -4782
-2079 -2348
-4754 -9413
8361 3761
2962 -7031
1460 -4749
-1418 5761
9553 -6948
-9749 3988
-2555 9485
8056 -3964
4810 -652
2752 4509
-3558 -1066
-1312 2645
-6167 9132
-8417 5475
504 -3171
6063 2585
-5689 2745
5555 5771
7996 -5864
5252 -8732
910 9224
5257 8355
8709 3312
-5610 3518
-3620 -9138
1748 6543
3518 -9565
-813 7351
-6713 4491
2825 3791
-4959 2608
97 -648
-4648 -4349
-1157 -2931
3508 -2185
-1663 -5583
-2962 -6407
-7228 -4254
-9374 883
-7015 -2994
5467 4733
-6451 -1016
8889 6457
-3666 -7824
948 -7121
9688 5989
5488 -216
-939 -5440
9156 -8376
1629 2664
-561 9967
-9199 6477
-2720 -6427
-4056 -2094
8178 -1071
8634 7365
-2618 -7818
-3652 -3730
-7641 6403
2167 3307
9282 1855
3016 8490
-4641 -7924
-6950 -5485
-2579 4679
-9101 6860
8366 -8300
3337 -4354
-1005 -6999
7273 893
1930 5906
-1743 -6968
-8192 4605
-698 -5832
4728 -8531
7475 4009
3324 4212
6220 -7597
6288 9270
639 -6291
7669 1538
-5711 9756
6960 7626
-878 -325
-5653 -3606
-9433 6277
-3979 -1176
9309 -2171
-2851 2332
1997 -8124
3801 -528
9606 845
-6317 9546
3248 -6309
-7465 -2392
1121 -6075
-7134 5411
-6320 9826
6757 2802
-500 -8896
-7084 3788
-8899 -1063
-3668 -5869
6767 7202
6463 -1237
-7202 3984
-8045 -7596
-5172 -641
-4330 -8204
6772 -1794
3125 -2108
2131 5992
-2977 5811
5817 -2499
2333 -962
2326 8970
-3454 3427
-2093 2879
-8722 -1606
3801 -8539
7157 6600
5445 -7167
-7276 -6007
2192 -1606
-489 -1037
-9680 -7365
-9424 2451
8627 1320
1982 8165
8821 -1965
923 1146
-2995 7469
-1706 4912
4068 -428
-2974 -2131
1034 -2097
-5532 -3522
736 913
4193 -3351
9307 -6297
9333 -6652
-3662 9909
5799 -1314
1229 -2219
-3150 3770
5816 7773
-5084 -3459
5241 3210
-4827 3030
-7219 2199
-9102 7536
-9898 -913
-2265 838
-6280 -8073
-8793 -3253
-649 -9460
95 5689
-5831 -4106
-5626 9119
7396 4945
2889 6932
2717 7805
-6527 1679
4735 -1354
-5292 -8764
-9155 -4394
8773 -9053
8414 228
5506 -7867
2155 -9566
-1120 -8495
-9026 8976
-9086 -1136
-5131 -990
-2017 -4015
-6046 -9129
-7084 -9608
-7604 -3611
2071 -9149
8757 6779
-7913 9602
-7616 -5420
-5731 -5482
4808 -6505
-3349 683
-6071 5531
5909 -1376
8227 -9456
-8791 -6905
-446 -808
2801 7229
3784 5718
7621 9901
-4173 -309
-9249 -5417
-3531 -3441
-5816 2574
1140 2174
7092 -332
9391 -6258
-5928 -2960
-7006 9981
9386 -8780
-9476 -9406
-1963 3799
-214 -9163
1028 -2710
-9725 -1352
-2810 -3897
-7940 -2059
686 -1471
8221 8592
-8897 -640
765 -8085
-7251 155
-621 -3179
-9084 2373
522 -9699
7314 1047
-9105 -929
-1434 4402
3630 9594
-8309 3905
1963 2602
-9993 4023
-5737 694
-7449 -7517
-715 -2625
5565 -6230
3012 8314
7647 -7610
-1145 8563
8484 9377
8864 9518
4144 -6521
-1411 -7290
7881 -7782
-3976 -6708
6123 7987
5894 9852
2009 -9844
545 8282
-3640 -6450
-623 -8076
1041 -7612
-6042 -1313
-1501 2813
970 -3018
5911 3554
-3500 3775
7033 8810
6485 8634
-8973 -7491
-8075 -9130
-5784 -8461
-9279 9947
-8305 4987
8228 1777
8537 1325
3701 -422
3714 -8620
-8015 -7788
7914 2956
2916 3824
-3491 9416
1320 -2737
8225 -2196
-4104 -7028
4034 -2178
-6158 -8029
-639 -1715
-8083 4778
-6729 -9856
275 -4471
5190 -6025
8828 -1097
-4645 -9188
4837 -3010
7489 1473
-9187 -2281
888 2133
4982 2833
-6342 -9123
9526 -8588
2420 -2912
-6617 -4498
5373 -4700
-6000 -7635
-835 4275
1615 -5645
-8030 442
6979 1047
4975 5536
8037 2464
-2992 -7430
-6097 -8384
4704 -7395
8170 -7918
-6518 7695
-6506 9624
-1496 599
-1154 -2403
9620 6567
-38 2506
841 -8424
6861 6532
2018 7560
-2422 714
3096 -4386
-3102 -6176
-1815 801
-4559 -3391
3406 -6390
2412 -9392
-4974 9627
-6048 3530
225 2798
-8874 3566
3085 4810
-3929 -2354
-9894 -7069
-5822 5846
-5789 1756
-3441 -8973
-8909 3457
-5148 2997
-2022 293
-6674 -8617
7624 5738
-4288 -3630
5364 -335
-6380 -690
-3817 -1532
-7125 -7011
-6723 -1054
635 -6617
5598 4813
9229 9809
290 -4213
-5443 1381
-7036 -591
-1902 942
-6578 1424
6046 -8955
882 -8242
-2584 -34
5144 4757
9276 -4953
-6776 -4129
-1964 -3499
8538 8672
3606 4135
3484 2834
7665 -6227
-7658 -7779
8875 -973
1630 -3028
9970 8773
-7884 9736
9818 2998
-4786 954
-7036 -5922
-4289 -4040
-874 2656
1832 -9118
9158 369
9554 6484
-1775 6759
-683 -4111
-5748 5380
1831 -3152
-1872 -2819
7541 -1903
-4047 9658
1553 -509
6376 6768
-9555 9340
-9155 -123
-4700 3692
-7468 -9148
4575 -4590
4942 7849
-8107 -6834
8328 4932
2776 -7420
4032 -1673
3149 -7841
5508 689
3977 -4819
346 -4470
4673 -3278
-3982 8839
-218 584
2436 8803
-2003 8689
9655 -7429
-5901 4597
-5860 -287
-8517 -7532
-1635 4260
-1231 -7603
-7414 -8083
-5444 -8185
2606 -7746
-3004 -3327
-2216 -4611
7116 7523
-5773 -3103
1827 -9617
-4300 9824
9073 -925
-3885 -3108
-2608 256
6605 -1124
6445 -1309
-3144 -1066
1088 3163
4572 9365
8699 898
-8382 -584
7571 3123
4805 4686
4366 -7247
-8417 -3807
-6864 1004
-3984 -4071
-9922 2132
2821 1192
-3892 3147
-9933 -7448
-8163 644
1486 2925
-2473 -222
6010 -3774
-9325 7629
5642 8247
4472 446
6653 -1162
6920 -8044
5031 -9944
2960 -8954
-4015 6760
6899 -7473
-2049 -6994
5674 1739
-721 7511
-7618 -5515
4156 3630
4263 165
9856 4939
1514 5497
6906 -4014
-336 3558
8545 -3417
5515 3575
360 -1526
8342 -9934
-4767 5241
-7407 6905
-8033 -8013
-1357 1247
-6782 4746
9453 7374
-1624 3716
1259 1952
-1346 -3506
1170 -720
6201 -9167
-7163 4745
1137 8352
2040 -4782
547 381
-4716 5780
-658 1598
6406 5031
3585 -4952
-2 6803
-6485 -550
7897 1891
-6835 2876
-6158 5540
9370 5012
-5181 9291
9566 -2343
7756 4424
-271 -205
9642 -9725
-6103 -1354
9777 6960
-6036 6182
1990 -8731
-5050 -8013
-8208 -1535
1438 9689
-5924 8324
6285 1640
7585 9376
372 -7597
8666 -62
3781 6422
-1918 -2769
-63 1444
-2494 3834
-6190 -2718
794 -2226
-2816 -3496
-957 2135
2213 835
-9401 -6350
4244 -1603
-4306 528
-9964 -6722
-97 408
-597 2290
-5934 -6817
-1289 2148
414 -7632
-2688 -8359
6203 1122
2644 717
-7384 9829
-9059 5380
1963 3154
-3786 6283
-9476 -5822
-5321 -3781
8428 -1564
-503 2051
8845 8900
-5660 -3369
-4196 6772
8780 9939
9141 -188
-8421 9064
-9066 7945
3501 -6450
7773 4442
8931 3456
1317 -1135
3459 1841
6765 -8141
8060 5192
295 -2443
963 2860
177 5304
9492 5981
5796 -8009
9641 8657
1803 -5060
7720 2737
-7116 4941
-9992 -9344
3104 8939
7833 -5580
1524 1292
6261 -1712
3151 4321
-6521 -6555
-4402 4443
-9974 5775
3467 9518
5477 -738
-8492 5117
1640 3311
-6223 -641
-231 -3338
-1979 -223
-2682 -8876
-1285 -1128
-4456 -9762
-9837 -8196
2248 7035
9846 5727
-9521 -4557
3890 -5774
-5061 1077
-6257 -5864
-5940 -4749
-7027 5700
-7717 -3250
-1221 2052
3412 6800
-8172 -5549
-8356 4264
3323 -2812
8223 7207
2714 470
4241 6280
-82 8441
-8277 -2472
-7333 383
8606 -3590
8240 -3614
5383 -8788
-4194 -8614
1683 4585
3438 -1184
5106 8987
6988 6750
6971 310
-2341 5193
1237 -5907
-616 -4523
-9628 9302
-2362 -4184
550 305
6199 2876
-9564 8159
9262 5819
-6909 -4933
-9075 4775
-6627 4363
-6410 -7801
7070 -5702
8949 4040
8329 328
2953 -435
4421 -7664
8763 4794
-4642 -3600
-9391 5909
6706 -9471
2505 -9138
8688 5488
-9599 -8221
-9446 -8674
-9726 -2352
5689 -2415
-153 6479
1883 2517
518 211
-3435 -2809
-6504 -9014
-472 -7742
5780 8607
-1342 -9891
8236 -916
-9362 741
-54 -6953
-3772 347
-1453 503
1673 2542
-8128 1082
-9874 1719
-2440 5730
-2044 -8202
-339 4522
-1010 3157
9229 -7762
5415 8729
-5435 -5928
8838 -7199
3157 -6803
7263 -3177
