50
-91157 -43545
-36392 -68666
-20704 13905
71672 26678
75379 10393
-99547 35562
24700 87257
58257 94644
-52782 21720
-49603 -92711
-4305 58102
76664 79343
11122 -61814
14188 4283
-45127 -5968
16006 90807
50488 6703
-77860 -70217
-79393 20901
56461 23076
-68707 -15997
-41363 55993
-28741 -83106
50636 -54434
38614 28122
-47145 -65692
-86687 -70481
40740 24435
94795 82017
-71282 76757
-23952 -28187
67563 -73465
5606 16792
83409 -46698
-62307 39869
76378 96076
50962 62105
52069 49310
6088 -70207
94877 71791
57916 74821
-93902 -1682
31429 -26073
-77248 26223
-44057 78560
-69931 -40920
-49627 24721
-87295 -16932
-58487 96114
-36541 -93705
1000
12 -1323
3257 4341
4626 3764
7129 9006
4531 -2138
8639 -7301
-7971 2009
-9339 -6029
-5130 291
-4111 7002
-5963 3528
-4453 3020
-3507 3770
9855 -5193
-6120 -6921
-7588 7614
5477 9390
1954 102
3154 -918
-893 -2316
-9336 1466
383 -3585
-6526 1044
386 -1656
-4945 9996
-934 -908
3524 4614
-7889 -6263
-1617 -8035
2265 2264
-1234 4677
3598 -5758
4066 -4449
8066 940
4634 893
-7656 9019
-7641 6448
-4567 -4167
1212 5819
7899 6268
5815 685
-4641 3059
-981 -2529
6796 7403
3157 -940
3387 -4357
-2543 -3016
3607 -4757
6256 5393
6184 889
-3715 -7752
-92 2365
8697 9062
-8081 -92
4881 9818
-104 4416
4223 5256
-2526 -6758
-3553 -2010
-5635 -6676
-9230 -8528
-1032 -1773
2177 -3705
3470 -1568
-8313 3374
-6958 1693
5623 6671
-5942 8040
5732 -4023
1668 4333
-485 -8436
-1252 -6263
6820 9943
700 -3013
-2068 5065
311 2423
6537 9279
-9351 -1287
-706 7841
7146 981
4935 -6092
-7326 4278
-9422 -3268
2317 6310
6430 -6015
643 -335
-4451 9391
3402 -3911
-6946 -5898
3076 986
-7113 -2893
-2870 9425
-3614 1500
1858 9401
-660 2724
382 -2004
6632 3056
-7727 7210
-6492 4591
3520 -6342
-7704 -2117
3323 1566
994 445
-8625 4048
8268 4451
-1245 -8845
-8443 5885
-5700 1664
-2616 6158
1065 -9555
-1118 -4833
-1559 -766
-8057 4435
-3556 -828
2746 -6316
2830 5042
5288 -3848
328 -3719
-9683 1703
-5950 8586
-126 2805
9741 1432
2410 -5960
-3184 9794
-6082 -8399
-6041 2800
-3232 6121
-4245 2432
556 5920
-8397 -6699
9604 4433
-7936 8612
-5695 2392
-5108 -5377
-5905 -1058
-6792 3969
-4533 -7052
-879 7877
709 9659
-8609 4627
-8741 -4650
1148 1749
-4808 6903
-2099 9469
2822 -495
-7231 6146
-2342 -1446
4757 1964
-9054 -6631
-9693 -1238
6033 -6485
-7270 -8501
184 5573
9377 -5387
5231 -5512
9240 -9790
-162 4108
5680 8751
1010 -6419
8219 -2448
6807 -5291
-2582 -5536
3263 -4105
-9852 7930
-735 -9545
-3309 -4703
-2309 3143
-3204 -8405
2436 -107
-3792 -2334
4381 -831
1597 -2060
-6724 998
-3310 8008
8300 -1370
-720 5106
3339 6699
9570 322
-7407 9719
-1748 1858
-6106 8664
-9125 1586
5527 -2328
3181 -2038
-8715 -6890
9349 5667
2279 4667
-6394 9276
-4336 4017
7283 -6037
-7354 -3437
9069 9706
-3018 -7642
28 -425
-4203 -8000
-4846 -308
-9337 -250
-8723 9912
7422 8179
-2127 8708
-8712 -2778
8095 3567
-8112 -8300
6564 1273
9438 3846
5236 -7916
-5871 8025
-4490 4832
-5897 5538
-1872 -99
7538 3282
9593 -8078
-6969 -9131
-8167 -5826
9048 -294
-3398 -5943
-9352 -5304
-8656 -3743
117 7908
-8750 -446
1754 6486
5359 9604
8231 -9131
4436 -7666
-9873 -7437
2235 7666
9566 1827
-6692 -3683
6417 -4859
4212 9185
8568 -5466
-6759 -7063
2951 -5414
2915 -6933
-3786 4166
6343 7968
4372 5422
-8708 2603
-9989 9449
4937 -9861
-4268 892
-8475 -982
-3561 -5167
9056 -7145
3695 3268
-4240 5983
-8478 2723
-7360 4474
-8971 5556
7541 -2757
3442 7604
-1068 -2187
3026 3945
-5864 3037
3393 9073
6897 9125
3685 -7858
1863 -9877
696 918
-3301 -5610
-2094 6181
-5906 -571
-1097 -3266
-6098 3653
-3990 -8558
-9105 9452
9047 3548
986 5793
-2508 5122
2550 -5395
7916 3168
-6271 1600
5310 5592
1724 -3994
231 -7857
4117 8137
8324 8211
-2435 -2774
-1334 1467
-5401 8397
2910 -4505
7849 5677
-7237 -1166
5190 3977
-2324 1460
8582 -4409
-5373 -3968
7192 9938
-4656 2636
-336 5575
4779 -6220
3712 3103
-4288 -8724
-5951 8099
2744 -1351
6495 -626
7865 8064
-1229 -9373
618 -2319
4604 8295
9141 3186
-6115 -6232
9218 -5203
-2574 -5439
7433 7090
-6143 2212
-9131 7569
-4686 302
-7435 3084
-1600 9030
-8268 -5105
-1597 9597
-3321 -9106
-6055 7298
2296 8549
5592 1437
5455 -6803
8926 8393
-2005 -3649
-3325 -852
-6560 532
-8641 -1970
-1900 394
8333 665
-6522 -3268
-305 -1069
5348 -8182
-1472 -7973
-3566 2473
9325 8730
4742 8637
3887 3918
-8167 2812
2310 3549
9163 8985
-7303 -7398
3237 -2223
633 -8664
-8108 -1035
5723 -4630
9418 -862
8022 4766
4677 -3451
6793 -8890
-7258 9838
-6439 -8795
8474 7448
5123 -5973
260 1153
7577 -578
3859 -6006
5746 -2905
1771 -3622
2153 7384
9064 -2125
-7247 8481
-9267 -5504
6967 5410
1045 7480
-9759 7509
7317 -6198
-7566 5790
-8751 -8723
-6462 5230
2430 -5165
-5348 9
2550 -5882
7105 -5680
496 2978
-8296 3280
-9148 -1822
5481 -4694
2674 2448
-9285 -2560
-73 -9044
-1331 965
-5242 1103
475 -271
2380 4013
-5042 -1470
-7432 3331
-7740 5118
7449 -6915
-6841 1665
6063 -1416
-1335 -9365
6762 -5854
-4059 3157
-9686 -3344
-5683 3962
1334 6707
-5074 6092
-2191 5402
-459 -6091
3135 8221
6160 5704
5272 8420
821 2721
-8496 3980
-1894 7567
-7437 6772
-8078 -6954
-5362 -2137
9924 -1327
8241 -2039
-7366 -426
-5333 1282
-614 6197
404 8928
-6174 -6462
-9132 9986
-7038 6140
-7874 3784
2581 -2649
1484 -9313
-1361 7769
-8821 561
-9186 -462
8425 -5542
8211 6665
2419 -5435
-3762 -9194
9568 5624
7003 -29
8272 -9172
3510 9140
-5466 -9808
9001 -3340
3976 1581
7733 -819
5989 -3629
-3051 7168
6932 1484
426 9077
5942 2357
9462 2081
6923 -580
2887 6490
-1235 3610
182 -2964
4438 -2588
-103 -7308
-2396 -1103
3074 -8420
-5802 806
4482 -9813
7177 -8570
-8925 7829
6635 1502
-9374 6297
-6142 -9913
-1623 -5499
-492 -5016
-5288 8273
8594 4894
-971 6752
-7695 -7354
-6836 -91
5264 6238
5210 9463
764 -309
9650 -2060
4842 -5555
-510 1476
5947 116
-2228 -6474
3924 9870
1748 -6569
-1426 6460
-4576 888
5074 8175
-2361 7379
-9180 4525
1009 6085
762 -61
9268 -8474
9631 -7363
3187 8193
-2918 -3603
3390 -3250
-9767 -8839
276 4158
-5248 -7977
-8691 3326
-7796 455
-5786 7278
-1371 5574
8378 -551
98 -614
-746 -5419
9325 -1479
-172 -7325
4879 -3265
-5411 -8039
3133 7979
-1289 7087
-7140 -7293
1244 -2388
-1549 2554
-5341 655
-3271 -1127
1654 5358
-1833 31
-1473 8266
-6863 7782
-3433 -3818
23 6395
2579 -5098
-3150 7168
584 -6297
5146 -6985
-9210 -8274
-4278 2034
-661 4173
-1692 7719
-1451 5037
-3409 -9798
4115 4758
3954 -7358
6744 7091
-5856 -6690
-6728 7888
-6575 5851
-3490 276
6739 7094
3979 5605
-9892 8490
7332 -4170
4245 391
-6276 -3727
-1891 2273
-8690 8421
6196 9146
3178 149
-8213 3643
960 -348
6953 7953
-2460 -5901
7525 4050
8096 4263
4865 5795
-132 4973
4285 920
-5476 -1471
-8690 1969
4802 3140
-2038 9833
1560 -5843
8979 -5263
8027 -5514
-7900 2707
4139 9054
659 -8322
-3127 1904
9449 -5032
-3833 4313
-9238 9756
-714 5047
4396 7531
-2704 5706
-501 -7902
2566 7461
-8070 -5875
-4662 -5371
2583 -2915
-884 4684
9792 -6746
7458 4171
-1347 -5670
-3925 -1899
-702 5963
-3865 3781
9439 9142
2549 3834
6672 9845
3260 -109
-8058 -4175
1072 -2406
3671 -9870
2223 -3747
-2785 -4941
-9064 727
2034 -7886
-1382 -9314
-3556 8414
2509 9463
8097 -7636
6965 7535
-8495 -487
5089 -8103
-643 2069
1788 5021
7894 -7141
-7386 5285
-3290 8558
-8462 7646
-2662 -3805
2093 9372
-1690 -9290
-6221 8475
-7155 -9992
-8342 -9059
-7628 8623
-7803 -6123
-1865 7286
-4226 -8788
-645 -8718
9954 969
-2138 -7433
-3746 4572
-5154 1513
2217 2184
7708 -5691
5276 -262
-1260 9055
-1787 1585
9063 -129
2527 -8566
2214 4724
-968 -5931
5730 4806
-4719 -1195
6088 -4765
-6505 -6051
1523 -251
-7759 -9911
-8739 4458
5994 -7311
8767 1270
2428 1228
324 -5639
-7188 3108
7953 9060
4542 3887
3783 -6426
7956 3234
-7900 -3043
-7962 8189
5913 -4467
-4142 -2564
9003 -1900
1246 -6016
-7443 -2760
395 -4955
-7770 -7178
6273 2554
904 -7195
-618 2577
-8135 -6076
-3537 9369
1219 -5582
2602 3319
1375 8362
5228 -2712
-2385 -8914
8445 339
2907 3411
4323 9185
-9350 -5283
-2050 -3399
1260 -2057
-7124 -4116
749 2258
8461 2614
6182 -5077
1982 1121
3062 -1695
-5560 -5563
387 9668
5446 8002
-5526 7611
-1660 -8899
1021 -3616
-9714 5393
4822 -1764
-8007 -3918
6180 -5131
1966 649
7128 4148
-3017 7030
9071 8965
-1849 5854
990 6312
-5989 -8624
9700 9457
-6901 -2105
7067 5160
-1004 1808
-8457 -718
-2800 6366
-8761 2915
-3832 -8861
7784 -8146
1788 8632
6002 8771
9383 8794
-8545 -2467
4647 6167
-6156 8658
7543 -2736
-8166 -5638
5159 8901
9523 -5845
4429 -8935
7158 -8371
-8849 8397
8265 -2681
-6744 6048
-826 8765
8401 -4825
-8745 7783
-2311 -7289
-964 -7665
-7402 6601
-5287 -6139
-6136 -3453
-1776 9024
-832 -2254
-6822 -6403
2532 -9665
-1053 3684
-7547 -2789
-5277 -4291
-3021 3897
-5526 -4621
-7207 -4271
-3118 4203
2161 5918
6539 4759
2518 -8749
8621 6383
-2201 565
9127 -9313
8311 -7696
-5716 842
-3640 3231
-1754 -1187
-5838 2970
8244 1142
587 -7283
-9759 7101
2167 -2876
1304 -5672
-3238 1563
-7193 9281
6535 -4852
9384 -1946
5713 8510
-1258 4023
-5466 3026
-1414 894
-22 -9448
-6572 4140
7243 -8329
-4719 1551
-1891 -756
2372 -9725
6368 -6325
-1676 -6871
8959 4853
-3870 5494
-10000 -4487
-6453 5714
-2257 2289
3457 5998
-964 -4237
-3108 9014
37 4041
3153 -2721
5712 -7845
-7450 -2459
1399 4923
1537 1487
-7682 9862
4616 -8723
4714 -5533
6771 4714
3701 -5962
4148 -4835
6328 1326
-8838 -4637
-9191 1775
-1903 846
-4185 -5030
-8154 -4753
846 -5604
2788 -7756
-6961 -5675
7452 -4642
-2093 5789
-3365 -7380
-9745 -2874
-8946 3956
1164 8924
9121 1212
249 -5996
-9705 1058
5779 -1608
-4375 -8406
7084 -2529
-3159 -2071
5588 -6650
3895 8628
-2325 1346
-6015 9303
855 4341
-8078 1110
-4813 -3303
-1213 6351
-659 1628
1284 9590
5632 1579
4369 1411
-6308 -6286
3005 -5504
1185 -6434
2425 -3228
-3084 40
-880 8312
-4893 6826
7614 5962
1166 -6744
793 6353
3675 9580
6425 -6985
4928 -2292
-3674 560
-6993 -5585
-4309 420
-1871 -7584
4916 9314
-4018 1062
-194 6620
-8899 -7353
8652 -71
9473 9987
-4109 639
-6758 6684
712 -9363
9984 -2864
-6347 4911
8565 -21
-809 -4707
8115 4882
5713 -3757
7298 629
-723 -2999
-4589 -7197
-2659 233
-4550 -4008
-9838 -5077
-4022 -3947
9283 2942
-3543 3715
7300 161
-9149 -9048
-1208 -6864
4652 7984
-1571 2766
2865 -2137
9009 3884
-7788 2006
-5395 -2377
4810 1946
7856 -9741
7938 8018
-1097 -2363
-2209 -1815
-5701 7969
-8100 -8402
-1871 -3528
-3728 6922
3329 -9077
4905 -4521
7411 1490
3342 -9861
-906 5554
2146 3699
-6824 -3045
-635 -5248
935 1024
-7230 9839
8661 4282
1744 -3320
2251 7365
1999 -9621
-6164 8271
-8979 -9114
-7085 9647
-3635 -5954
4858 9707
-5815 -6049
8981 6331
-8629 -4123
-2994 736
629 7942
-8241 3399
-8500 -5860
-2319 3244
4541 -6348
609 -3460
-2248 8166
-1469 -1226
-7228 5167
-1580 -863
9213 -6723
2564 -2881
950 1544
-2830 2321
-8859 4177
-3223 1771
5839 -1463
-1110 7339
6398 -9709
4303 939
-6057 -1368
7479 1696
-3202 -270
-5810 -430
-5103 2610
-7572 -2170
9609 4992
4949 4279
257 -4160
320 1398
-9984 7097
-3111 9576
-646 5780
-9366 -4248
6071 4937
-9589 -6265
-6431 7890
5431 4088
1340 -6659
-2622 9958
5951 -194
-2212 9280
-1481 -3543
7279 -7504
2297 -2402
7615 6034
-5305 -1775
5609 7770
-5996 6243
-2758 -6205
4901 -2347
-2470 -7810
-737 -3319
6278 -9397
22 -2624
-9440 -306
-9097 2069
2694 -578
8527 -27
5639 4544
7571 6974
578 -4014
-4802 -93
-2523 -798
-129 4719
6719 -5229
-7628 -2031
-3039 1635
4651 -3041
2238 -1607
4335 6520
-8193 5238
-1412 4502
-1620 -2886
-1805 -2261
-4621 -4235
-5287 5957
5473 3632
-416 -7051
-3445 9455
-8612 -6727
-2054 -6240
1242 4907
5396 -387
-4414 1354
-8273 -6358
-2127 -6466
-7400 6462
-8244 4702
-2704 -49
-7560 6396
9438 874
2352 8631
-5494 -4343
-4700 1061
-4889 -3312
8055 3058
449 3017
1685 -435
-3649 7272
-5361 -1922
-5366 2513
5333 -2766
2695 7090
-8065 -6289
