50
20437 93865
-30110 -90338
31336 52021
28945 -62420
-55249 -22834
-47161 67754
57262 -74549
-92751 -59286
41707 -41230
-58445 -97002
44701 -41205
-57681 5541
30303 37651
-90310 -14745
52155 -4187
-56453 99681
-83234 -59474
-90657 48103
92548 -34623
85683 -62702
42544 65611
-94948 -73106
91062 39391
-32392 -40142
25250 9164
89946 -30050
-4952 59355
75492 -74650
-2995 12271
-62305 76249
35173 -18758
75929 51940
21769 12361
42 14316
77739 -87187
-21297 -52629
78425 -89156
-25735 -3425
-22676 -31038
-16478 -97426
5215 -26532
-27476 -99738
-67178 75105
52703 -43084
-85535 90398
-66836 49638
98729 36182
1577 20497
-51457 28708
61902 53371
1000
960 7008
-829 -986
2789 4934
321 -3292
-471 -6305
-1633 -1799
2514 -6667
7463 6261
-6436 8792
4326 1909
-1134 -822
-6106 7093
3699 3898
7024 -722
-5462 -6750
4605 5498
-6022 -6225
-5489 6767
-7571 8554
-2805 5680
-7752 9283
-6120 4762
-3663 -8658
1022 -99
-6145 -932
-4470 2721
8246 3145
3534 5665
-2958 558
-5057 1581
7529 9548
799 -8494
-2956 5311
-8007 -527
7585 2910
-4848 9833
2192 -968
8315 -7751
4096 -664
2150 -8329
-7876 -8600
8113 -5910
4546 1647
9755 -8413
-7796 -5303
6889 9733
-2034 -2312
-5041 5010
-3281 -3048
-5518 -5697
-6418 3356
-2144 5775
-3892 -3830
8024 -9797
9227 3895
-4405 -8650
5295 -6292
-4560 -160
5355 -1085
5149 -8721
7334 2037
-5268 -4701
-6555 -309
-5971 3885
-9637 2232
-8092 -6054
-4413 -236
-6559 1696
9655 -4815
5620 -7399
9080 -5064
-6049 8096
-1356 3112
1656 -2281
-7973 -3196
-1002 -6919
-7438 7451
-1620 -272
862 6130
-2666 4946
-1639 -758
8892 7670
-7273 -3947
3086 -7619
1239 -1295
-5017 4039
3641 2655
5855 -3995
-512 -2489
3724 5236
8036 -3558
8317 -5682
-2387 417
4047 8475
-3454 -4899
3421 8628
4343 6033
6297 7070
-4193 -618
-6828 7046
-8192 1876
4805 9170
-1749 660
-1104 7739
-8109 -3660
2974 -6353
2783 1290
-2034 -5884
-8294 -4267
-7409 1973
834 9733
601 -1103
9486 618
-312 -4708
-6279 6581
-3942 -4471
-1544 -9137
-1581 -9573
5244 7315
8167 -9145
-6345 1140
-5498 -9842
-3849 6189
-5726 1578
-8079 586
-6449 6476
4039 4152
-4627 3525
-1510 8782
8817 2211
5362 -5125
7740 -2462
-541 -120
-2035 -5298
915 -3869
-722 4570
-9008 3780
8449 864
3690 -3556
-7559 9332
-9250 -4008
5808 4790
-6136 -5099
-1686 2355
-6318 851
-5435 -7236
9447 -3974
302 -1095
5906 8267
7328 541
-1881 -3395
-4889 -889
-5894 -2720
9975 7796
7445 -3864
7127 8196
2129 6655
2985 9714
-8445 -4981
2068 -1042
9591 -9646
5443 9038
101 -4256
1663 -273
-2268 -1009
-9733 5851
9317 -901
-1318 -6578
6380 2377
-5062 3824
8513 -7935
5740 4362
8720 -1276
4076 -6004
7464 -136
6675 7055
218 2118
9813 -9682
-8418 1475
45 -686
-9535 4034
-4836 -6497
-6868 3846
-3075 9512
-57 1864
7057 -1544
7650 2796
-7183 -9911
-4759 6893
-5915 -7296
478 -5519
-6521 -9305
6599 -6709
-5265 8181
8488 8501
-2505 -7327
2534 6380
-3824 9388
3947 6823
-7381 -6111
-1314 9676
6066 56
6193 8884
145 -8567
9497 7952
-2142 3695
-7568 5059
8112 -7249
8350 -7154
-5348 6837
-4933 5868
-6769 -8678
2248 -593
-9291 -85
-3771 -6672
7525 8636
-3275 3591
-1309 -3362
6195 8837
-1929 9412
-9492 9650
3107 -7060
4708 1218
-4309 6779
7785 343
7336 -3428
-68 -9434
1615 -7821
-26 6045
5815 9924
-6906 3339
8560 -181
650 -2750
6457 -3156
-193 -1752
-23 315
-2103 -3196
3255 -3674
8022 -7334
-6896 9527
6731 -9561
-181 -3338
-8994 -8566
2562 4701
7479 -1624
4624 -5707
-4565 3183
4112 6086
-5846 4289
-3350 3961
-3743 6627
-2003 7876
-6570 -8749
-5799 -4828
-2361 -2695
-1581 -1910
1465 8239
8473 6192
-6607 4755
4613 -5408
-6870 -763
-1114 2286
-3860 -3282
-1629 4015
-8993 8743
-2024 985
5369 5973
-1140 -7480
-9056 3061
1413 2304
-5914 -6447
-9607 9273
-4488 -7414
5464 -1095
7341 3798
7218 -5809
-3245 -3897
6478 2895
2822 -1431
-3090 7550
-2689 8607
-1466 -7320
8300 7395
-1079 9244
4176 -5946
5269 -8017
-2393 9383
-8745 6840
-8031 -9561
-4256 9310
4237 -3317
-2778 -9009
2786 -6301
7608 -672
2268 -1762
-3123 9580
-3156 5412
-4020 -4857
6527 8622
-1893 4423
-7325 -6625
6406 4004
-7242 7661
843 -1552
8101 -9692
1478 6058
-3009 8700
-9230 -6503
-7602 8378
2826 8388
-3385 9703
7967 7180
8835 -2333
-7678 9082
-3712 4150
3505 2684
7526 -90
408 -5996
1292 -5028
2452 3113
-4720 -6071
-830 5992
-7371 -60
-6791 -1252
2038 6035
-2865 -7627
9459 -1178
9553 8293
6489 -4405
-8905 -7224
9746 4600
9182 -9009
-1770 -411
-5005 9522
4561 -8833
6355 -6439
-4904 -4475
9553 1446
9186 -3517
-9806 4945
-7483 1050
7318 -8025
9873 6871
-6011 6361
-7535 -1195
9138 -4069
-2875 8319
-3078 5355
1628 5638
8598 -3811
6805 4952
-250 -8099
-5803 3024
7068 -2896
9507 7262
-7952 -7977
-1688 9366
-2280 -1816
6236 5430
-1735 -7578
-5766 1123
-1647 1359
3162 5276
434 -5210
4634 2752
979 1439
-2296 -9272
7061 5622
7473 4128
-7275 6979
5111 -5227
-7277 -2857
-5861 4164
9048 -5905
-407 -2688
-3483 7548
8436 8592
2627 1597
7588 -6940
6387 2221
5813 -2635
-6341 -2763
1815 -9281
-7142 3008
4848 -4416
-13 -42
4078 6431
7101 -8063
594 9869
-3967 -6093
-2820 6271
-4825 -4385
4862 7802
7213 6170
-5418 7320
-1609 -9606
-1594 5771
1352 -6059
6491 7932
6949 5059
-2764 656
-1263 -8687
-2914 -442
-6749 -8600
-574 -716
-972 6606
-725 4203
-4058 -5863
5725 -3125
-5973 -9693
-5806 2418
-5578 6321
-1811 5775
-9739 -1600
3706 7211
-6542 -9059
-2134 2195
-4025 8674
-4527 -774
-9927 4899
-7770 -898
5225 5227
-2975 -8834
9364 -7250
-1959 -2889
-6943 2236
9530 -2521
2277 -2282
-3026 2539
9839 -5600
3470 -6704
-938 -4944
9212 5038
-6271 -5316
-2016 -2476
-6697 3936
6626 8528
-838 -2629
9695 2246
121 -2265
9357 6899
-6309 8886
-5622 5969
324 5073
2228 162
-6806 -4303
7179 2256
753 6390
1014 8204
-5206 8999
-4273 -1903
2934 -3927
-3375 -4184
3444 -3681
8062 -6435
7775 7418
-9537 -4813
-9976 -1438
-5124 4069
-2644 7104
-2048 550
-7200 -4870
-7195 7274
-4759 3820
5477 35
6539 -8797
8133 3193
-2724 -1522
9009 -9280
8518 7070
-1994 6292
8208 2190
-8522 -8048
-5527 -3646
6022 1829
-2822 -2306
-7622 3699
2824 -1096
973 -8215
-3556 170
1821 -7018
1374 3674
9896 -7630
-7849 8904
-3189 -9332
9694 8538
-9320 -8378
728 -4120
-6426 5201
5955 -6684
750 -6867
1010 6849
6832 -2445
-4248 1525
-660 5918
-8305 -5119
-7380 6790
8555 -7484
9160 -5574
-4860 -308
-4906 -1445
-1771 -504
177 -7323
5376 7472
-8402 1330
-9212 2348
8184 5519
-804 8737
-3206 8670
261 6135
4587 5677
-8985 7207
2466 -6709
-6557 5347
-2283 -1416
-4962 6533
7139 6988
-3972 1036
9666 -4876
-1493 -5016
-9826 3016
7333 8359
2256 249
-9185 9050
-1082 1076
8905 -6496
474 9921
-5568 -7061
-6789 1596
-7994 4649
-6100 765
1181 -5241
-2247 -9071
5795 1139
-226 -1977
6123 -51
-5241 7176
2028 7015
-2575 2843
9786 6343
-2361 8690
-6432 8113
-7670 1721
-5227 -4459
-6684 -3221
-6089 938
7545 8813
5697 -982
-6537 5213
-6123 3237
-6765 10000
-6815 1715
7176 8934
-1270 -5400
5497 2236
-5337 -6864
925 -1769
-5031 3256
-6328 3463
-7483 -3011
-9758 149
7927 -8493
-1038 7344
4246 2425
2556 8123
-4339 9512
-8158 2568
1227 -7262
5222 -6323
1059 719
5913 5723
7576 558
-2326 -7456
-6187 1347
6008 52
-7944 9971
-9800 -6297
-4802 2883
-8954 -6836
-4693 3603
-8714 4690
3114 -3151
978 -5660
-412 -3801
-1983 -9354
-9362 -2350
6369 8214
8209 -2236
-5521 -4258
9111 -5793
5794 -8834
-2102 9716
-5131 6817
2598 -4085
9981 7906
-6762 -5013
6316 -9927
1836 1014
-5587 -4856
-9067 6152
-4209 -8428
-2478 -4120
-6494 -4270
3644 -2015
1473 6475
5913 987
7641 -6190
702 -3770
-9374 -6700
5867 -5673
-5074 -7175
-686 -8759
-7102 -5129
2255 1033
15 3188
-2816 9527
8481 8427
-4593 -8013
-5843 -7229
3693 9351
9247 -394
4058 -9393
7137 -5240
559 -8516
1781 -3575
-4189 6707
-750 8847
-8332 2149
-6283 7644
-6819 7453
4552 4086
6980 6754
6233 -3893
8741 -9611
-1122 2433
-6540 1845
-4241 7519
2453 -7104
-4001 -6989
-1899 7780
3157 3912
4486 -7594
6479 9875
8276 -6084
-8762 -4823
-8631 5790
-7017 8349
2543 9217
-5545 5004
-6674 7054
1158 508
-1101 6917
-1974 -8649
-6467 4025
-1917 5355
1804 -8761
2988 10
-2634 -534
3605 -637
3383 4843
4540 8473
4353 -8756
6821 -3104
-9540 -5004
-4380 -2493
-7951 6778
8015 4669
7416 -239
9741 -5331
-6215 -2177
-9976 9310
2783 3012
3040 -9851
-7523 -3356
-488 9581
-8514 -2228
8053 5840
-984 8594
-3544 3197
-2690 2076
-5575 3081
2575 -3840
-2251 -10
5922 -2510
4659 9707
9034 8404
-7263 1817
1415 5777
5687 7614
-3858 -1081
7194 1349
6691 8968
909 -572
7561 7365
-3655 -5129
3162 770
7952 -4264
6931 -579
5726 6573
6911 4105
10000 5945
2509 -7264
1482 -2356
-7766 -2832
-4743 -1624
6087 -3828
9725 6498
-4861 4355
-4075 -3580
1719 5992
1291 -1399
482 2963
4337 1133
-7616 3783
-2295 -6985
1609 -2295
8960 -5883
441 4162
5482 6396
-8671 -9261
-1508 7416
-3089 1938
7635 5771
-3708 -2720
-7810 8011
-6729 7203
333 3754
165 -5331
-5114 6270
-7827 6313
9286 3782
-5983 -8035
-8381 8179
6128 -9179
4575 -8823
-8440 -6934
-7686 2192
5004 9949
-2038 -8705
-2772 153
-6973 500
1076 7081
-2026 -8760
-4530 6581
-8769 -2357
2893 -5763
-4855 6910
-77 485
5089 -229
1307 3384
949 6588
-9830 3263
-1220 5175
6932 -9538
-9810 -5841
615 -3062
8380 -8310
-5982 -3647
-3348 -511
-3345 1604
-9148 9548
5841 -4002
-9822 -4237
-9797 8988
5535 5231
2371 -3517
1819 2541
-6534 -9402
1436 -9603
-8940 5348
-1723 5397
-7715 -3343
-9193 25
6731 1180
9514 -2894
-7217 -5914
-3346 8624
84 -3168
-5613 4009
-4181 -6358
-761 -8090
125 -8943
8172 7312
-4624 3329
-8571 158
-1324 -294
-725 4682
-9917 82
-5294 -9465
-8738 -2060
-2359 -2234
2027 8016
-3610 -4169
-5153 4498
9840 4387
8140 2800
-9983 1985
7578 8190
3017 -7046
1518 4446
3112 -9807
-2128 -7614
4875 -2044
6189 -6698
2212 -8829
1242 9853
-1062 -6732
7869 9049
-900 -3564
3546 2660
-9177 5406
-4541 -5439
1111 -6963
-7250 -5873
-288 4268
-7707 -3456
8182 165
2651 6778
8121 -1161
-9921 332
3732 5042
3906 -7331
-7969 5495
-4562 1131
-8070 -7296
-2489 -3526
8110 6692
1036 2941
-6551 7507
7068 3161
1775 9361
-6575 3677
-475 6076
4175 1367
-1365 7975
-4581 -7634
3017 9325
-1244 5048
8540 4194
-101 -9530
6898 7410
665 8728
7822 -8300
1668 -8730
9208 2456
4431 4703
5537 7856
2100 -1217
7652 -3725
-9851 -3713
-5751 -711
2374 7266
2335 -8870
6034 874
9045 -4068
1344 5943
-2937 -7991
8391 -5116
-2570 59
-124 -3363
-7486 -5694
-4940 8052
-4117 7161
-3166 -2745
-6565 704
3542 1405
9993 -363
2392 6048
767 -1575
-3078 -189
8079 -8014
-526 -1138
-6005 -2135
7467 5147
-8356 -2658
-4496 -2121
5370 565
-349 -8748
1446 -9795
2228 4881
909 -509
6 4623
9128 -7603
670 -106
4544 -8688
-6575 6343
-6701 6621
-4796 1015
-1794 -7330
-3839 -150
13 1666
-8551 -4618
-4049 1101
355 7397
1306 -3697
5998 -4064
5794 -3997
-5721 4921
2122 8670
-5186 -3335
9983 1961
-6993 -6719
-1419 1932
4296 -9493
4602 -5822
357 -1665
5844 1806
7438 -4485
-3373 1513
-7089 7934
7817 8909
-6131 3610
-1368 1869
-1469 -9247
538 7066
1139 520
-974 7867
7522 -8673
-202 5539
-8166 -1879
9717 5912
6456 9281
1439 3894
-5205 8066
-873 -2294
5999 -3057
335 -6412
-9447 8967
5457 -916
-6559 -284
-3851 4580
-9765 8897
2447 7758
-9777 -7756
3296 -4221
365 6733
-8310 542
6013 3129
-5565 -5472
1195 3562
5955 914
-5774 -3711
8224 -5221
-1024 7401
7584 2417
-2884 -2547
-3003 -2648
-3651 9444
-1170 294
-4592 -4154
9794 5774
-7422 -8517
-3685 -7689
8334 4471
-3161 3249
1753 -7207
-5838 5979
-918 -7615
-5522 8058
-6493 -7939
475 623
-485 -8808
7975 9585
-9365 525
3599 -3957
6371 3392
-4463 -7331
8597 5573
-5020 6930
43 1819
178 -4483
4612 8061
-4784 -2586
-5833 -305
-807 -2326
1756 -6612
8297 -5009
-5420 9993
-5424 -1064
517 -8105
8700 609
5288 -5763
3278 3884
-6470 8259
4534 7295
77 -1568
-7189 -1590
-3508 -1973
9545 659
7722 -1263
8333 3199
5846 6630
8190 -9575
-9658 -3514
3082 859
2103 1782
-4812 -2610
9740 8467
-5006 -6731
6725 9528
