50
96733 97790
-65208 -9259
59165 -37826
45933 -99276
22652 74916
-49228 -61491
-13004 -64369
9904 15787
-43429 -11227
81481 -98342
-26467 -42364
-1015 2452
70187 -39821
32487 93821
-35101 35930
43157 88721
33720 5039
-93450 -80027
-5698 -20428
-79302 44044
-45513 98560
9642 -31427
-65809 -80455
11449 -82149
-64593 -7071
-80490 -63971
-22346 18495
38482 -52159
5763 -29032
68751 70662
-93102 11907
-13529 -32293
44035 -79889
-85231 -61663
-317 -64533
9470 54171
61117 -80889
-77257 22397
65747 34192
40248 -98847
-72880 59758
-62817 4774
-94658 2754
-20296 11105
811 -51546
-91144 7709
-12549 -4673
2505 -68515
15438 -55636
96912 -84879
1000
-9668 3291
5777 8361
-6327 -6607
2544 -3861
-8870 5618
-4675 4706
836 2310
-9082 -8951
-3133 -72
-3693 -2938
1984 2817
-7791 -2017
-2745 -9567
-3428 -9654
-1116 6785
-5857 -784
3797 9920
-2423 7470
-6688 -6159
-2671 -1837
-6821 2654
-3411 7737
-1315 -2493
-7494 5552
7435 -1187
-3666 3140
-8371 -1456
-5157 -1115
-1023 1415
2952 7861
1921 7095
797 -4283
7014 -7906
-3093 -5954
-4064 4236
5930 2836
610 -7482
572 -6985
3746 3079
8568 4902
-8109 -5099
-1959 -2758
7166 2884
9848 -3858
-1980 2799
-2277 9941
-107 -7759
-622 -3094
-5665 6285
4673 3992
4241 602
-3172 -1429
6841 7400
1587 586
4199 3875
-4513 9812
-7504 7249
-2947 9663
3854 621
-475 -8127
-6581 7249
-4466 3312
-6790 4912
-6062 -2455
4917 8611
-8463 2878
2933 -1635
-8552 -227
-515 6756
-5921 -2595
630 3288
-2784 3127
536 7990
6510 -1890
-1390 -3966
3704 5750
-2997 9238
-939 213
7870 6720
7759 6507
9051 -6984
-616 1983
5102 4554
-4524 -1693
5030 -445
5712 -4340
-7158 -3352
-7493 7100
-1642 9017
-4791 -9312
-4950 8914
6438 5775
8151 -4502
-4013 9742
-7783 -6255
6248 -5012
482 -647
6971 -4417
-2373 -7554
3891 -7344
2002 -398
2037 8565
9972 4544
5664 -1671
7281 -9127
-982 -7669
-6493 -4545
8106 -4622
4675 -2187
-4881 -9388
5280 -4912
-4399 -4239
4441 -7429
1345 -7933
-1261 -4765
-1556 -5539
8558 -9519
-6975 8529
8746 -7590
579 6027
-2996 9597
-7922 511
-1228 -6096
5889 -2833
1717 -5271
-2220 -3004
-183 3381
2758 -2022
9673 -2177
45 2132
6779 -7791
-9687 5336
-7310 -2940
7586 -8564
-530 -1836
7463 6474
1481 9541
705 -6027
-6556 314
1141 8882
5043 8921
-4122 -1420
6022 -7644
6558 9415
3900 323
5268 678
2533 5581
-3987 5223
-7360 -6402
-9621 2110
5483 7842
2304 684
-8898 -3271
4658 -1733
7044 -4202
-2851 5807
-1561 6748
-5613 -5540
-7176 -5335
-2405 6724
4989 -7138
-2599 -2479
-7836 7135
-3536 -5196
-5546 -3156
-9365 9937
-1594 2939
621 -491
-6611 -1001
-8504 -9568
4797 2366
9960 -6765
-887 -1933
1416 5658
2733 -7269
2381 -2279
-685 -6498
8963 1479
-5642 -4574
6283 -1188
2270 6918
2469 -5603
3578 -3190
7627 6967
5809 9123
-8881 605
1489 -8922
7561 -5678
-854 2697
9981 -4401
5429 6082
3320 -1536
-6695 2282
9943 -2337
7708 9946
-9805 3699
-9416 2664
8096 4162
9475 9443
4849 5283
8565 9689
-391 3774
-5513 -2831
-8183 7354
9867 -4482
-7048 9016
-8401 9993
-2521 -1375
2274 1142
6288 3703
1087 6483
1122 1671
2868 2938
-447 2342
2380 -1878
-2376 944
-2190 -9047
-1561 6019
-1877 256
3372 1710
5774 -9955
4446 -8907
-9963 -4355
-281 2312
6787 -273
-265 1594
-69 -9144
-6735 -7202
3794 2818
8861 -3827
-5339 205
-9163 2471
1159 2997
-1511 -6998
-6748 -4418
8433 -7254
-4373 2878
-2439 -4336
-7757 7280
-8304 9030
727 1431
623 -5622
6008 7609
897 3522
4148 -243
-6585 8809
9963 -2026
1279 1121
-9030 -6511
7844 -2056
-929 6276
690 8419
-847 8251
-5918 1396
9251 -500
4146 3699
-5349 -1511
8077 -9341
-3902 -1026
7902 -9755
8731 -8683
9054 -7587
-709 4053
7255 261
-8738 5098
-8075 4054
1373 2616
2472 -5754
4587 -9725
5642 3838
-225 3508
-2464 4426
-8003 -667
8806 1816
8307 6708
2061 -9242
8025 4835
-6829 1036
2608 -9574
-4983 7592
5524 -3057
1645 -3103
9559 -5883
1143 4145
-1887 506
1703 7888
-2266 -7041
2313 -269
2293 1119
-8454 599
-2174 7328
1357 -429
5883 4529
-9394 2212
8676 -4377
-197 4199
2566 -4832
-5184 5845
3006 5960
3711 -8882
186 -4587
9006 7920
-1627 5040
1372 -5614
-121 6639
4985 7705
7688 63
996 7291
-5409 1602
-498 -6734
-9055 -6975
-8815 7233
-1806 -3998
6798 -5080
-4318 508
-3961 5868
9643 -4956
7508 1736
-6196 2600
6122 3683
-761 4827
5108 647
-5111 -3897
-2063 -520
-8575 -8840
6467 -3908
-5815 -8627
-6676 6100
-2625 -9879
-8980 3057
4351 -2941
2645 3993
5824 3873
-551 -6651
-3527 -4430
7032 9433
-9604 2140
79 -4714
-8037 8016
8487 -6611
9176 8675
-519 -2918
-9953 6526
-6819 1143
-9633 -2078
-5801 4718
4981 -9436
2431 4526
4437 -8121
7875 -9091
1170 4906
-5938 5288
766 4141
-5706 6451
5878 -3499
-6440 8774
-4825 3041
-424 -1057
3287 2758
-9915 3654
-5600 -1995
-1628 9382
-1431 -5477
7628 -6994
-3597 5502
-2364 7573
4128 1699
2860 -1385
-440 -9126
-4935 -4563
-2624 -1375
-2068 2551
-4614 7508
-4785 8673
3986 -4700
6047 8387
3306 -1861
-8512 -8126
2663 9116
-1399 -7214
8338 6238
-9642 2465
1657 6940
-5200 -8784
7814 -135
375 -4811
-7790 8307
-8539 -2404
9535 -3324
-11 3521
5697 -3964
1907 2723
7896 7116
8319 558
6231 -3081
7065 4568
-3123 7424
753 8534
8084 5554
-6529 9618
-4582 3846
-1472 -2371
5873 3710
8946 5407
-5894 -1065
2648 9803
8692 -1725
6247 -9693
-4610 4565
4587 -8380
-8517 1651
9909 -1639
2795 662
615 878
-3785 7807
4217 5354
1652 -3535
-3297 1245
-9826 -630
373 -1999
8305 -6980
1524 -9284
5017 -2230
-8977 -9594
-7666 5610
-4252 -2461
982 -4344
5900 -6224
6318 235
4655 -3747
-1958 2592
-4672 -6586
9057 5752
4660 -7049
-4879 -1247
4673 -2854
5494 -3804
-2138 510
3967 2607
917 -9979
1937 -9615
-2440 -7082
-3959 -2820
-3305 -3920
7416 -4930
6054 -822
-8618 -8619
2592 -5841
7134 972
-2890 -7746
-6555 -4497
-599 8940
1699 -9017
-551 -614
3590 -5914
-592 -752
-5529 -9312
5887 4234
-2131 -7419
-9687 -995
1372 6367
-8097 2754
7749 4495
6913 8603
-812 -2257
-9144 6354
3246 3978
5293 -1334
4962 -1537
-8228 2272
6270 4901
-4760 -9259
5590 -8873
8696 -2821
-2571 9009
6184 8802
9096 8087
1555 -9436
6302 2189
9167 -790
9932 -6256
-4436 6899
7722 -5423
-715 6404
6761 1057
-1324 3031
-4042 7637
7493 -4732
8764 6188
2447 -3807
8917 -1370
-1285 8012
437 -9731
8577 459
6179 7743
9670 9832
-8514 -1046
6730 -7071
7252 -265
9333 4013
-9209 1729
-2957 -3251
-634 -1744
2017 -1871
-5557 -1816
8043 -6641
-9466 -3243
-4909 971
-2973 -6333
-8570 -3074
-4869 -5180
-3243 -3383
7495 -2793
3267 4746
6942 2600
-1242 -8546
-5672 9522
-1797 3694
-2223 -6059
-4456 5941
5846 -6414
-6980 6381
344 -1888
-2649 -8909
1779 2502
-1983 -9370
-8958 4775
969 8537
-4298 -5765
3283 -3635
6835 -4239
-2181 -5116
-996 9743
-7702 6781
-6317 -2158
2722 -6750
1429 9463
9631 -8228
-2426 -3019
-7137 -6926
-6796 4601
-6296 -5754
3096 4673
-7217 8799
-7371 9787
-4837 -6816
-732 2982
-1932 8272
2724 367
8774 -9872
8209 5216
-6622 3358
4678 -3271
8851 -7748
3710 -4566
-953 6914
-9965 2751
-5119 3131
1145 -2336
5650 3774
1171 -5467
6958 -9562
-8765 -1253
8711 7681
-7166 7484
-8471 -5237
2699 -1372
8122 -2624
5357 6972
3349 -934
-7594 -7605
-299 -3838
8868 8303
9293 3733
-4034 8664
1227 -9143
-6804 1905
-8705 -5568
-9349 -6274
-7888 -6515
-5070 -2638
1970 -8651
5990 91
-1274 1346
783 -4205
-5868 6910
1912 7554
-6929 4500
5856 -3915
-1768 -4458
-5252 9459
-3601 1665
5084 1416
6097 5736
5142 -8071
-7059 -9928
-709 4911
-8579 -999
-1278 3868
-9654 9506
-6616 -5521
-9865 5296
-4247 -6793
3516 -8391
3013 -8253
-2849 7761
-5074 7272
-575 -9991
-1313 -757
9466 -2451
4893 -3872
1342 -2095
-5241 6485
6906 3482
4073 -9027
6708 7457
-827 6843
6473 4926
-9951 -12
6535 3062
5456 -2593
4543 -9619
-5322 -2311
-5888 7086
-9348 -6423
-5366 9266
3426 9698
891 8186
6182 1518
1667 254
2491 -1626
1432 -8337
-1063 -2096
6589 2708
-8387 6845
-510 7069
-5749 -5967
-8829 2650
5443 -4717
3456 9816
2581 -8190
9081 -3993
-8493 3693
-5808 -8591
-4790 9580
1664 7701
1674 -6905
9364 -9390
4720 9673
7039 6333
6517 -3471
7123 -5512
4283 -7986
7138 -275
-2703 4314
3261 -6402
6125 6062
-395 -8648
-246 7518
-7238 4964
-9183 4426
2664 2491
-8759 5748
6823 9682
5421 3861
9736 1937
-5890 6858
6426 8393
8872 7284
1838 -111
1598 -4902
3487 1443
-8840 -3187
2795 914
-1949 5557
-401 2590
3703 -4017
-1199 4944
-8269 -4377
4626 -9128
-6795 4361
6530 -2685
4939 6676
-4292 7531
7681 7546
1140 2999
-3635 -5374
-5559 1246
5160 7236
-4120 -3068
6514 5479
9522 216
-8538 -1678
-4840 -3086
7667 -6494
1507 -5408
-8413 1757
1907 -9754
-1567 -8665
7777 -166
-7398 -1084
-7168 -1033
7263 -2727
-9788 6144
-1771 -3908
-3204 -5258
-4708 38
4959 475
-7920 -6161
-8891 9747
1066 2616
-5662 6374
-5628 9967
6620 6526
-8699 8117
-3641 -6097
753 -809
6591 1736
-9816 -9477
1600 -1586
-3384 8396
6877 5629
-1567 5556
-3897 514
9395 -2788
3981 4181
-6452 -7960
554 1641
-7994 -2827
1888 -6693
-4711 8247
932 9763
1159 -2478
1499 5064
-1954 -6902
-2802 8383
-4785 -5925
7732 3648
9631 -2445
-2118 -7254
8488 -4416
6927 -7965
-2376 1202
7397 3351
8375 -716
-9622 -2615
1252 1310
-2853 -3869
-7447 -7634
-8806 4320
-4535 -1607
6423 680
6189 4154
-1952 5819
-8292 9652
-7715 -9805
-4765 -7067
-4049 6580
4135 -6653
-70 6230
6353 308
-2665 1325
-4661 4483
7456 -2108
-9431 8650
-4068 -3966
763 -7646
-9566 -3049
-9772 -1517
-3509 -4343
1855 -1224
-427 7090
5430 5524
3669 -436
-7409 -2681
-485 -7336
7627 6850
3989 -7035
5053 1444
4578 5623
3815 -9491
-4623 -5423
-3416 -4188
1529 -3188
8016 -8260
6190 -130
516 -4238
680 -4054
-8715 -1931
9231 -2402
5388 2466
262 6735
-684 -5749
-6579 -1911
9416 7999
-6289 3230
-7771 2810
-8472 -1187
8622 6778
9347 -9643
8518 5536
3948 2754
-8702 -5373
-7580 -3696
2696 -8349
3902 1804
7838 -2115
-1462 -2847
5857 1959
5243 5272
3679 -7326
2223 5908
5484 7472
-1559 7826
4249 1508
8183 6487
765 2130
-760 2063
-9523 1661
-7913 3173
7033 9711
-1303 4870
-2405 7236
-7977 -6549
2915 -9014
-7557 314
-2619 4666
-58 -7135
2137 8384
-5589 106
3612 -7406
-3408 -5624
8445 5833
-9841 -7357
1214 -7753
9537 -1754
-8043 -1766
-6885 3273
-810 -1141
6724 -7896
3566 9167
6140 -9053
7554 -3919
-6188 3411
-1815 -1777
-6483 -8203
4538 3830
-3827 6704
3383 -3667
9347 -5404
2301 8883
2842 7979
837 9679
1251 -9974
-1463 -2026
-4148 -7897
861 -8009
-6950 -1586
-1928 583
-8175 6258
-7474 -937
-8225 -9215
-3387 -2052
-8791 9997
8002 -9445
-5408 4023
-6842 -8845
2001 3996
-5446 -6749
7743 3091
4946 -6406
8915 -4193
-4415 -4315
7942 7379
9989 -6513
3636 -3764
2550 5411
-2979 9164
-2921 -1770
-7120 -1198
2506 -2528
-7176 9385
2348 4826
3380 6902
-8203 1123
3714 -9536
8438 6349
-3729 -5977
-7966 -2067
-8599 -4257
1421 8758
1979 -6030
7889 9000
-3146 -5033
950 -266
7490 -6545
-9073 -9686
-7160 6996
8861 9941
3898 -5622
4784 1332
-5158 3222
-2320 4834
-9035 3435
-7233 -3913
9179 4188
-5156 1157
-8122 -3547
3878 -1267
5141 -5173
-7813 2631
2004 -6886
2945 8565
-9890 5526
8505 7729
9904 3289
2781 -1533
231 -9540
-6700 1196
7617 -3933
-8997 6795
-6025 -4153
1672 -4146
6021 -4451
4587 1161
4098 6774
-6209 -3899
-6391 -9544
-5335 -2560
5982 -3110
-4832 9607
-6101 -8331
-1927 4130
-7871 1373
-954 -6534
-8839 3770
-9740 -4864
9617 5654
990 5637
-5077 -703
519 9021
-208 4310
-1158 3401
4767 7228
-5439 748
-5882 3450
4075 1738
5119 -7853
-411 -9032
7242 -7645
-5565 8403
6126 -1584
-2741 9463
-5931 8250
8821 -1007
1267 -661
1734 -8942
-6352 -5703
8180 8415
-8476 -7260
2884 -637
6190 -3042
-8899 5029
2827 690
5998 68
3045 -9568
2191 2891
-1152 9450
2354 2918
7699 1174
-4369 2687
-9488 -8915
7466 -5840
-4618 5646
-3704 -3093
-7894 -7100
9991 -7983
3579 -8909
7046 -3595
5502 3043
-9807 2268
3475 2384
-4842 -3956
1834 7512
-7318 3253
-1315 -1687
-340 2918
-602 -2874
-9201 8502
-7229 -2905
-4592 -1402
3716 -4602
615 -2706
211 -2339
7421 -4288
-5576 -8666
-8300 7900
3719 -3141
-2336 -727
-1909 346
