795652
250756
574157
497629
242254
540006
443839
558932
784035
775704
620777
743429
1039899
736416
439694
720544
612879
417180
795707
518806
980963
727077
629991
698344
566680
554920
322489
996155
799918
655180
907744
685870
927454
288267
651701
628914
515505
504759
838491
1044674
1059689
750594
776412
162970
901148
308405
571935
896177
803592
754180
610553
537322
151077
660624
805943
20100
749473
904725
188940
991250
943576
808107
463290
951989
413344
949085
411916
262297
597600
818865
358207
451191
20100
708462
804193
792798
1069857
700108
819626
724768
59500
710935
1024902
899885
623332
59500
968397
794414
537088
947279
446465
782160
944814
320774
795730
388510
538203
967555
20100
481522
882932
696501
812604
875960
464764
894333
597700
919831
733139
958566
663761
885801
557692
1055226
610775
345553
1006003
705699
528196
440950
647754
962460
303931
241081
791203
908804
820101
877581
1004315
816278
464188
757965
636018
687582
534748
998897
969978
1073773
869522
695793
552106
567513
305836
489130
1000770
288264
878395
999151
816980
834130
605842
255412
686907
467054
781720
441990
891946
667706
853039
269736
630325
319080
917572
684614
275485
762637
768545
40000
934854
483241
607650
756690
1017779
946990
963196
583716
951356
737280
659175
822335
364765
774110
344580
603990
288195
951511
1013303
750868
201450
837550
572550
927441
570122
533137
862383
829774
688818
672836
998571
673924
406422
387077
450836
698034
723278
487569
341442
914375
783426
842084
884397
633486
915844
665827
826501
851708
983705
900194
524023
789937
119082
652589
694839
882226
593846
955109
989674
853407
891856
688284
957725
164706
234821
59500
787882
587414
97840
20100
755724
560068
485142
206330
703760
20100
820780
585751
83199
737051
292081
887059
153085
728510
1083690
1020230
905492
694805
969101
705220
334181
795647
707703
831205
683637
1096679
393564
620040
771489
539775
931630
563078
20100
622599
973074
1047215
40000
850065
608377
683950
995239
258470
97312
332764
768341
386368
780526
1039074
842229
493120
1036613
734556
696514
786956
971648
854764
115635
904617
1058669
502288
847801
271867
824336
834858
708048
615900
781062
249357
922726
613704
34660
435244
697337
323450
675451
665718
437470
830740
806117
508341
678304
867936
332764
768504
961065
877342
255352
800488
710617
478645
767184
715297
930070
704490
828324
600882
869743
890134
435900
665014
694407
398164
361266
864035
660400
906913
115600
315581
930381
738653
955017
811584
631348
242869
482331
319206
824043
875728
956061
78600
608041
983788
1030891
793806
616024
937438
1040719
584070
1025649
637389
779192
901090
601167
444781
697646
994475
987871
40000
637319
710578
203251
20100
824124
971353
355265
762621
971020
259283
755613
623980
957808
476569
414234
958920
942559
695651
587100
715041
430140
781521
116416
702075
574212
579481
40000
780105
629574
774330
1082589
1123470
753793
1084765
566139
846368
573556
689515
813510
313758
722656
553500
816367
818401
1039952
711174
205552
357822
854355
323546
830956
841968
725211
801160
675846
365058
908888
493968
557925
1057530
311926
615784
827552
295150
664005
922210
238763
706196
583410
642804
581395
618940
189564
484531
937495
753064
737251
866915
1130204
832604
491697
292572
621060
334470
1018698
127364
977533
564340
701639
481269
1015704
903364
974026
645323
543901
362820
554140
709022
802990
687473
825850
804082
769872
1092225
704803
921457
944478
458133
135148
866166
778424
894396
617125
338655
436285
434887
732897
225871
789832
812281
681835
912954
188977
923880
617831
606408
732343
1049686
769539
1010642
201270
486699
838774
804450
644079
634770
1013199
431716
322474
741503
26304
469312
1016466
115600
106411
172603
916918
1033558
775282
252792
20100
863482
623014
761081
700252
596719
620366
943205
957167
767506
97300
742303
754406
1093739
997731
906892
168204
728994
821545
918618
1023628
666958
847388
439252
1021101
710616
152320
185070
824509
535380
498096
203251
956914
592599
808842
919354
898074
457550
794822
508789
20100
799896
474913
713025
749207
752921
720688
441193
845426
862468
552055
562530
833464
958002
884489
431491
772930
927774
131554
622498
944552
930446
239652
614346
818626
859203
493780
980999
994003
948886
1081750
98110
669994
645320
867913
1072337
535773
642906
882826
794814
946873
534846
964425
593004
153055
613656
839994
116823
737997
932589
525549
821851
854611
884615
203116
239937
986754
919777
900722
736828
935597
494016
888917
893296
912209
42068
961717
1032795
40000
145804
319466
947991
977483
920638
133584
393564
860386
888087
971103
151077
846355
782784
610159
481477
597985
845895
274096
859281
771344
1063576
908005
648508
741280
844954
971468
940282
525657
714216
20100
263280
479611
172003
393548
1078602
496436
153864
971208
1004237
905332
309022
860677
703316
763040
798160
874791
276253
323046
873882
59500
925210
833768
793159
40000
840725
875578
20100
690717
40000
660350
964006
399055
776238
20100
726020
552622
525572
608104
1021181
755791
858156
854016
652116
942436
222156
682146
582780
484801
795702
619255
185034
836535
470680
135136
157086
940368
968297
302589
1018500
837051
474868
668397
941130
617842
626900
59701
397604
387742
598440
1002949
1082217
808896
598846
863786
537285
348978
577848
664337
815034
790615
323827
711343
591450
738596
698095
908330
779049
697735
830238
78600
731347
875315
1066620
700328
250756
334222
792662
773686
938796
1074835
939086
912514
783414
397765
592800
710566
725424
784228
506508
772918
838527
98112
891003
539194
824399
725169
758917
538153
332880
762114
566142
135940
703236
133500
302029
464950
98112
797463
973036
435676
677841
808941
779272
676944
724220
851607
961222
699660
394224
824322
708781
845913
610078
893098
580219
1057142
867931
605766
454800
816600
487275
982720
892609
619901
971923
585504
690160
904555
794740
802728
1001482
256000
308146
878567
786833
683353
913852
40000
319005
20100
875168
734764
404725
729729
332764
991999
20100
188930
623620
994620
451037
704113
411502
947297
964901
774284
909980
554071
783493
890257
579949
115600
713641
720904
590273
772687
927605
674076
632462
1024876
903068
672129
788138
789148
893033
744120
352216
924020
555672
977772
543906
779288
805935
429025
20100
536410
537103
1104425
316132
654463
1010178
613420
907993
805468
1057608
824148
386548
1010238
775972
476176
982852
572857
788575
867288
1013061
1016029
729979
223260
484750
660436
869175
767814
848815
612144
297687
655608
804968
97915
618746
458103
931688
721378
529626
115600
887292
475091
771572
616048
20100
370120
846346
933754
738568
754554
550300
648798
870098
813924
856143
889052
822654
755790
640480
189748
636735
490249
224716
251331
879807
774814
800705
825810
932108
928027
756982
1114570
866670
748310
585547
395628
20100
338673
797692
319770
895653
507298
981229
929732
812433
198280
700402
735673
646809
220843
297570
292084
1134148
188571
668310
903589
784774
502572
844014
807643
795547
352444
727344
859402
546041
903369
396505
932487
339031
377125
207128
598062
59701
516640
897559
925686
817024
297696
712980
743983
940569
551094
794071
730270
962371
99450
845502
829272
999605
522504
752436
989706
626758
702001
513792
653612
889442
718909
483790
775628
764818
950229
777499
540175
961536
448118
336087
755276
814231
476322
693388
631522
956741
20100
210781
539290
348399
288426
481836
842575
595353
1027516
723220
790241
960477
1045004
554185
737689
20100
820037
826852
767769
964130
669915
892894
764972
445099
866228
818959
868954
642705
792058
975535
554255
718139
480081
733558
900614
589582
404400
968205
759950
851811
887118
814249
732940
912726
424756
115620
618528
945010
542266
376057
835827
965993
947982
891007
902167
1079080
700662
821145
735563
649262
595170
998533
870533
846768
389993
802174
59502
806007
97300
1007656
469600
995278
454772
536295
638299
907609
20100
845791
932788
370540
656276
303520
362602
223279
957369
816910
741822
863577
761268
498622
1056062
237062
732663
915568
796677
837039
153864
927650
667675
546890
643533
188955
467868
605785
974390
1001765
864379
673012
818943
777870
1001379
863781
924288
886513
986140
597177
600914
887823
1010600
242258
951023
862851
780042
978958
826259
882488
890238
611064
969502
20100
466150
468891
911566
303036
933959
153090
543187
889045
884260
944609
274052
798150
1082527
424020
1043653
248250
856221
772227
604407
184872
467914
499336
890488
83665
833280
958278
560672
503019
569386
838214
603784
830538
855324
679609
871349
224908
968164
813721
280576
894766
219390
816308
528160
248484
963865
430929
785734
282651
357028
555647
868327
924008
591875
644922
20100
443438
691839
316653
347380
622306
652838
590983
343945
669216
20100
683547
700688
724819
615718
999548
492922
858765
754671
995248
625260
631129
800661
751290
851314
1009492
747350
901925
540429
598920
575455
847302
959793
781637
442792
254230
882973
975994
729514
151105
853878
995803
222072
107775
640425
996964
228876
241642
869830
408520
134570
738754
705619
917712
587885
353590
687490
962903
690418
332859
238808
1031589
790793
404575
1036981
990944
810840
804741
893787
989370
449920
384089
808153
591825
672399
115600
1010993
588181
441275
756510
576552
436213
926448
438664
367994
802376
785242
693544
97312
819093
928468
505884
523065
948846
823690
994799
617980
655099
929952
661681
609150
415795
607134
319584
185034
739478
652312
933204
1060679
772458
675610
652273
554236
534930
539894
1032552
741638
591128
723688
1080992
828229
675772
687408
909905
862229
938876
811171
352571
147420
805240
916978
988582
1000800
299730
890334
853714
829405
1076248
679852
545448
717770
1037653
842317
1123257
115620
540870
854205
802830
302961
389998
675685
1033915
937501
965352
616669
728224
995946
682541
205468
691701
985842
994045
380244
759075
853695
535924
97909
1011852
249873
20100
457201
689839
223185
953898
911505
469047
884415
865315
525855
859347
951460
785590
898432
855890
529664
906973
133530
650716
924154
78609
531270
433204
268156
696536
398397
1042440
838470
625249
409937
1103100
189961
522106
883374
223329
767907
441624
909630
927521
279596
805485
40000
518562
679878
135348
870876
626395
496695
750966
373165
864630
827490
201520
855881
664628
751806
562184
1003208
991594
830772
753917
548159
602750
672800
705776
717250
453315
735190
20100
741848
1044904
40000
275466
534494
687179
587934
582436
728985
684583
40000
715251
623290
995131
20100
639462
943259
976892
1030288
923172
318607
732765
818107
772098
869752
809400
509646
935824
647560
790581
965030
512826
581395
867323
292180
1075359
801199
152236
430469
791943
676065
786902
786117
501841
915008
20100
663750
607302
559507
791127
759876
1016623
427664
539580
203053
115635
399132
569393
449781
868370
878740
759639
910284
825656
455310
913541
470073
1007151
927210
551710
747814
999987
1020198
918957
960473
168204
704860
589236
871887
591133
613020
835080
1004468
285950
1000550
895872
767488
833272
461755
390103
829398
812679
874644
902017
879707
844744
1059524
465309
541848
608206
443086
855210
674949
932266
40000
78606
741324
563274
613048
903828
420375
241243
491199
663238
186680
909363
320512
399535
796001
1045510
995991
718323
372237
185070
650371
896259
836468
610393
169549
973659
677042
717010
735651
648141
751851
605146
680496
822162
946476
135336
704176
867459
894263
985081
133500
420139
528217
781123
556020
651277
873904
607957
135342
991278
942222
603343
743924
896514
585529
1026451
755287
292124
788191
869518
838967
880921
985423
328575
719911
576900
915330
596272
320749
609362
947326
678580
20100
571623
694306
840631
691740
617110
974833
507043
680724
894174
748102
525055
97300
739845
1033536
763987
657760
833086
155908
218136
645550
826582
1037368
920681
782346
289273
780420
632929
849592
896025
1048284
1009141
214918
925942
847272
560524
78600
559741
586095
892643
484231
819872
184872
263182
362988
40000
680892
433147
939617
693685
698724
727536
799702
116416
565400
818740
720484
970650
815530
992136
984616
673790
952291
733879
995298
1046682
753460
587476
997985
790359
305988
656816
683703
602466
410860
821996
757329
20100
679830
705339
826095
595596
827931
699040
509924
983593
603172
435172
902871
801378
135740
491457
1050179
1009927
741954
774851
789600
801301
665629
719144
514864
1090061
1080045
912986
511475
897313
523710
656350
794289
170779
740656
971377
973438
896269
358347
856728
222838
337666
501280
725824
513631
445782
608220
349453
254574
823774
151000
827181
982205
779385
724971
843973
499644
729769
717113
751086
828421
1009311
913936
848407
669840
198508
780247
988531
736162
940249
659216
693968
503050
635460
201400
382108
1055746
612750
547795
702012
744840
687156
429250
288255
789815
1109451
476184
648379
617530
1079177
861498
707802
930130
712514
381936
414021
929123
600974
893724
838333
882125
303600
153864
618378
20100
844452
652830
712919
491931
607504
684947
345480
531520
460696
827488
861721
752998
950742
734824
134500
638862
523720
836884
801251
782996
804625
461893
1011199
20100
832986
801716
658501
830921
584684
587515
916093
59500
671244
920514
97300
307974
299782
646245
600240
601200
1040291
879041
881110
171216
511984
718306
277945
531696
568956
894780
916290
811098
435144
554748
827831
398650
874813
587829
154960
871894
20100
494977
709968
189760
792417
709044
255367
850984
896120
697552
1017585
375435
660252
771339
917919
972799
1041381
20100
857915
656354
738750
901147
355360
637018
813664
832120
141769
417721
622134
961507
20100
504840
40000
876426
824860
662228
858243
817863
385295
794475
668986
929132
699281
872216
1084710
883088
1042532
20100
568456
658276
702002
232956
958662
735333
381775
955126
607980
302789
888632
513606
785874
749649
505280
93664
559021
810998
756183
851864
626643
844632
1005790
848173
668244
832783
539412
20100
222943
601868
435643
779544
94629
648019
777085
490544
679640
889367
797208
900516
607473
537208
1008022
587411
357700
827367
277860
768478
415222
1038490
939458
843420
1021184
1017873
505072
601987
898216
723795
628584
653839
774622
770809
1046375
780769
1021428
888844
529059
540406
876847
673726
682202
929038
941751
692144
709437
775620
569356
619672
217539
1008635
808752
798570
720738
879690
787006
825361
918334
481467
902876
630819
867894
868197
950961
742230
870486
394500
896259
829027
485991
1003495
278025
876315
925613
627696
609793
575361
708436
775553
530642
797719
201340
535148
856452
500287
667156
447564
631194
839331
647769
577995
770110
749980
461506
762588
806245
370177
299145
876690
1097714
97909
923210
205977
205977
662247
633264
914065
933854
422665
803908
902814
847054
829499
304069
135136
622755
911450
20100
668743
596010
282517
857304
789754
612456
870682
886876
774512
320708
386070
206317
836958
946125
993266
619459
724293
611922
850454
829015
848287
801264
1073516
708345
892345
656700
532828
711072
721343
857091
691596
1016073
480972
827873
20100
155806
632506
839110
915213
745086
924195
270760
1026930
368680
952606
499260
497446
938572
332992
595150
213430
484258
861870
799256
696604
819175
864116
926611
472844
899781
592375
40000
880056
342092
880693
969881
115635
599219
575865
661821
891156
789679
932145
1005834
998497
654555
649192
364741
876627
678339
858040
274757
785794
964587
923925
927343
776729
772909
801023
831691
592679
217539
852846
620060
937166
736375
873913
742153
848108
647310
149844
667605
548944
185070
956631
981165
20100
821230
905272
705696
785901
558000
578463
661419
956356
950903
926233
510028
655945
217110
551044
829610
875484
425910
686154
760488
981781
696111
505884
625122
357852
1005084
744180
528682
338895
897597
257501
890432
666670
190348
572115
850393
762762
660552
1065427
528946
966489
991184
921806
988824
699496
525988
188586
811288
665932
820112
521280
795600
988740
382963
937238
97909
832032
704140
292270
500262
682478
986735
618386
538399
870994
631291
185034
819894
86200
996278
851655
498690
789511
887266
921223
397015
213536
990650
477866
597211
909752
1032237
606704
325201
349199
836832
530484
974308
772199
540886
404290
680805
928625
775830
869341
339888
821936
513316
265380
862470
78600
820688
742164
823263
609772
830194
334926
612255
404479
846504
806322
1045611
880732
616815
663141
859532
404575
957572
947738
614251
777604
993179
1045081
415404
417315
593136
507813
594249
1024971
40000
831427
618712
933758
223842
791082
242240
773211
817403
626440
20100
594534
734502
820404
535044
995602
436014
1097033
298261
963547
1049734
590971
846515
808006
699492
765403
783670
331620
1065930
876918
151105
828802
596724
741403
837124
789429
783737
360530
928360
784611
712332
901586
970962
617845
330622
524451
870556
819256
616236
797214
1013078
882301
684570
633385
1021687
973975
597258
726287
496668
670741
780456
795153
711157
582067
620965
719676
867373
834622
827268
544631
277635
757255
325387
681684
785103
771350
1009922
869754
482431
710227
491979
1018771
768337
861773
771604
745732
184989
1016301
282666
125412
820208
727725
385774
317452
679576
778484
825961
430746
461356
1015869
879458
20100
566638
670119
811572
1053169
809300
1046277
730510
798420
819795
918973
403447
905831
980730
774451
591306
674968
844660
664180
939955
910652
881747
708538
736774
848626
691653
189014
748323
835057
771633
507960
803956
168156
882635
383437
788378
790084
849792
550018
185070
235195
677146
992242
792942
737355
115600
208117
804729
692184
998318
510859
1001659
879366
319584
873354
810091
741578
766708
411506
452386
168100
852980
622949
369372
434100
150933
20100
848015
20100
1029769
920742
672864
966661
711825
711282
504375
721323
309154
975365
333016
749990
959981
848860
778631
863361
623908
232752
868836
567586
679838
668728
373165
805474
634852
507252
854979
655046
467814
460686
97300
464764
415327
286561
694899
350848
822722
997652
890685
594295
888330
587112
921466
740580
769443
115635
950375
589781
673539
518407
829063
1000451
652822
522069
1022179
876468
1031430
436404
431407
460715
823492
794497
669336
872533
804997
950405
888858
341976
800823
1074812
817538
821848
522376
239955
738913
723930
653330
368584
859723
928011
929163
504960
186044
725313
801254
578536
828881
647902
442470
870250
408861
473512
700985
706899
611332
684863
672670
795112
921386
819225
97915
490864
233220
609305
793288
405085
970259
940255
135136
610873
134525
868084
928747
280786
517952
983743
720453
854252
659509
823267
955353
98110
694905
835288
392062
317350
909114
353537
877771
716264
826404
1004080
766176
957736
59500
786296
755923
648172
872954
824498
998298
403692
20100
783880
1023218
503677
653742
782846
20100
695076
816040
621025
947446
353909
725221
975363
491140
834293
20100
170578
945357
845230
1027263
795217
496612
568068
221041
318864
714903
709864
709666
551800
923323
153460
975299
554236
20100
980160
877588
59500
859427
878274
822554
667812
376351
774933
889780
646964
415690
533938
733553
582024
185115
847352
644502
844063
585200
563576
620435
613440
613103
117022
962025
777651
430936
535953
571989
59502
764027
691327
684333
1017997
939942
20100
747605
98510
821898
799277
59500
965996
755276
830997
812062
471454
384598
672761
983914
436264
635783
796532
204837
977085
457311
768688
612240
382074
712165
812330
953224
912079
983981
20100
705115
507828
206052
79004
946575
256375
923369
352900
942993
1003370
1106063
863325
986314
901307
530742
920931
840188
865647
879157
698442
713298
1003919
653032
911508
810372
867064
561397
1028862
609103
457207
425986
824097
827412
861503
1104690
928361
830978
495946
979680
749650
842750
799018
644665
172402
20100
748041
797829
687458
782214
704600
910614
507796
804274
668027
445085
586473
915813
336215
449304
88720
59500
555726
1009392
251986
566701
580378
670088
577297
711172
316504
646386
710516
844567
613875
381962
631882
835140
886793
559036
474818
1028789
748856
456999
835532
492322
811571
486582
1009302
381936
986533
692224
728759
672112
783144
831216
872674
525855
381997
840477
538357
525945
40000
706724
911105
506286
882117
604180
724830
880648
1004798
969643
874110
844463
752158
547032
751289
673482
713772
913457
893482
389005
743169
629874
798592
765076
115600
900051
362000
899778
506920
217209
647034
624955
886497
689556
548482
820751
827681
743881
827528
879252
834615
796641
642432
652216
689311
59500
741571
821681
585600
638834
705946
594614
707961
681810
1027634
563715
470775
683331
482331
97909
151126
832667
20100
393012
766065
850430
185034
1026975
171594
746409
856755
930398
836519
98110
59500
856049
828804
876484
403920
886151
535517
544233
1001991
771496
1066627
354852
803475
470809
381408
340465
834235
802203
495324
991006
801151
651565
768253
626024
672402
630114
473264
932627
944758
989592
716620
616792
1005931
151077
217000
97320
931726
152346
739592
20100
751713
901586
647142
739394
630761
151434
649686
708588
242250
665821
463710
425904
837516
184989
468778
981294
747160
873162
829244
614532
1125441
635182
669670
939034
393684
260363
771823
888020
325601
425982
833670
609726
796044
20100
434706
983739
1015026
710940
614420
83655
468543
722325
695726
895762
201450
526377
574430
891220
817960
999334
504880
115635
396505
884188
370110
240240
739770
737562
723400
793372
961211
893867
371878
937029
795031
672843
826088
319746
541800
308785
822351
543876
919746
761955
894559
893640
798424
1021225
976110
980227
708959
644395
830402
184935
919230
903492
761956
453456
494351
803801
711334
849045
762228
888184
75979
677746
171388
924900
302446
694956
320031
344954
318442
342437
911299
357822
771687
647449
598660
580727
419304
677739
299991
819067
996412
877189
551200
444514
564309
694620
297611
254481
821672
918139
1011739
170578
604673
478039
545095
20100
768217
775611
896086
426207
405109
906206
954292
284455
704635
746991
345000
670372
906497
689759
97320
779527
551437
498001
780316
527736
542810
793571
710546
863235
849098
990826
544074
203278
341800
516280
446328
841745
834857
863647
766359
20100
1024067
920683
78609
365249
707265
471616
834300
153466
1060225
711134
606765
926724
736735
670146
995212
747785
135156
40000
753991
285196
878746
261793
555331
631310
883060
1078890
268483
869466
451197
594692
676068
967116
694331
788108
770494
907050
833381
720706
360451
898144
704092
519636
789221
627563
816664
896354
679690
948817
432840
853918
591580
684824
332517
684252
834732
289868
819792
300570
506586
1042302
519877
1032672
891635
20100
927872
1008762
769867
738028
773563
664545
704986
498990
818958
997009
927090
690464
868551
763293
441444
650612
415416
715199
335974
727815
201490
168100
704905
497115
784101
650554
268012
434589
40000
975759
730795
629412
780560
693974
635121
310692
886206
497459
676647
878051
588103
853158
811222
865545
40000
563634
320024
1031126
917136
632301
644487
989509
1018314
779862
461621
705945
889880
891595
378210
916416
803807
689268
864549
578461
760560
361780
571160
581085
526619
908846
1031277
857802
1038924
806974
1025472
905652
1021265
801874
597950
444590
1020479
813562
603499
697802
646173
290925
554755
888480
644007
708570
190492
540144
719090
1039386
858556
641019
795627
630066
590439
770950
577116
879411
609370
841034
838558
814651
580242
934244
471481
946799
698155
820518
711403
439158
845838
417471
820111
340615
984155
739126
40000
580515
1056414
820148
188556
305176
872978
879711
331771
690834
638476
322999
115600
917202
151077
933757
686447
840761
918039
744495
945796
694799
707236
956828
997076
821595
485362
598775
453071
746933
828027
484658
967974
169549
258035
305605
393600
919832
700163
462330
554653
447646
627705
746104
899550
315874
729167
449220
612900
945997
498165
705618
948237
606066
168204
865197
924704
384544
784802
780949
695416
510022
712930
548886
764268
781026
319267
838413
168300
638366
1023917
749127
460587
252530
582608
771987
763104
972635
345700
344580
185097
257515
617611
1009472
576850
934804
437876
741388
795012
985068
688895
462955
699784
790092
78600
691959
1011153
833458
826082
333000
635801
706750
941628
856687
413692
847933
1038326
873643
549261
737064
610222
635202
916016
952083
727284
813673
809995
604680
239416
49635
828223
233172
711021
493160
791020
840957
908007
821750
604263
884431
855237
800441
638455
775050
881190
303051
832569
773866
789690
693420
650159
217440
739681
553122
869152
1050118
777791
673849
715627
1002739
598854
586390
616195
716231
810196
836971
48936
652391
399430
916488
491101
747802
998711
538386
929078
690818
471868
894645
896038
839196
464764
453712
979514
884903
958597
977037
816747
795513
750597
599013
768156
681483
413746
973263
656384
233172
925383
477391
694101
786237
512823
963971
546150
206827
955690
959555
339510
913103
705994
887040
435272
725788
406978
660586
690679
133500
884065
594726
824140
233220
948873
547660
676852
869991
781689
1135615
1005059
435836
512344
710488
482277
736366
575256
831765
917914
188046
481539
613452
874090
20100
882128
443793
672588
682792
832428
750840
962994
393100
816162
664442
1089081
503904
1003143
863467
945977
40000
813826
233040
799360
432801
844287
855998
627964
525798
796422
612670
136740
656335
1006565
530713
860518
685059
942600
851002
757260
938544
747273
821898
425562
856261
1010302
986731
901872
928496
756757
940098
427780
741072
914096
846168
1084174
783925
269321
605800
982873
883000
188556
903212
263070
770541
685251
692634
59701
800818
498237
849650
686654
669712
235316
115635
115635
871690
599605
265842
954822
264224
905478
807283
133554
906936
503523
798029
816060
297082
637193
775303
1022964
287465
722060
186568
932715
702208
767597
1074838
38034
378390
583931
794414
909073
904483
20100
425849
750492
925549
495684
408196
619660
277755
140327
205914
826004
840866
720041
646207
20100
789635
1013910
691002
730895
836208
915759
151000
822218
763824
1030363
803065
737488
785266
975447
614942
609864
804648
706561
504804
548795
777873
586510
275474
850452
820410
572724
357654
431634
691363
1014420
78606
521737
357208
805975
839550
828631
526170
773848
816779
659497
621091
450175
589858
353940
402783
431082
541120
494338
831397
450629
894445
611434
1092381
837797
969547
703105
841054
1015435
297486
426223
813046
1095252
750675
916228
496956
272580
20100
906126
360091
370578
396417
500815
531918
754545
609097
187606
664645
206944
974321
1008550
152236
822898
605683
833883
835206
1120421
715843
946488
78606
738235
259797
746209
607703
349795
989844
78606
744615
867240
694362
964925
989054
916687
500299
401556
596708
1010135
920440
885111
629827
1040378
685662
869974
378336
701710
491911
494368
788723
1003240
823211
812752
727120
224320
690407
735501
846886
849873
692710
188930
916762
471412
820815
483928
985233
844902
717478
855605
856836
980729
871239
20100
855231
995471
153090
823858
741230
1056249
1016727
399936
789163
368684
590526
746623
306511
719611
815027
550266
452266
713814
766716
409009
955964
794779
153460
896921
963902
943884
801244
650160
20100
283035
115600
290201
878076
186664
704077
970566
923933
837025
944780
563514
698022
685852
614308
985973
886824
836456
705658
864103
788364
971727
1002705
97716
381775
1017620
133500
853160
1029439
448270
256288
971269
1072440
704382
836606
576132
635329
830985
20100
758588
347424
462844
334488
493767
378864
43948
532108
20100
749277
669880
595946
590067
865032
791349
873859
1086502
872530
577995
705195
676405
592230
871405
521016
1009225
824325
901994
579538
529026
504118
904499
656485
670039
646508
912032
941804
911979
822820
619233
526224
215904
589544
1005184
750148
905530
427822
913996
742250
508032
756455
1068443
890181
916518
703281
570120
20100
642830
277635
802719
1061894
758373
912051
561259
908056
339252
376036
587854
842622
783191
869627
299496
747569
678670
760673
590071
990625
761057
263490
607512
800194
836857
802852
950912
699656
831762
969972
855175
681157
342480
309962
471545
97312
849130
789207
1004641
97300
608903
996221
831684
900481
482331
736755
815931
201190
862528
97909
668186
650467
880396
525150
872210
571615
635878
930155
674874
874032
505308
754696
222836
789955
756060
899014
115600
473220
866956
190153
496209
168156
1010432
811644
565660
830208
809717
489957
314414
681106
756696
252253
78600
597667
781678
724600
681076
686795
742517
288808
784779
726399
646635
942986
938376
1028250
951221
592240
876396
615400
737833
991577
607566
777961
545871
698751
171190
884614
840228
318063
858384
938287
612339
699234
332754
336055
116824
631863
898563
696688
470379
412170
274645
995114
722924
803188
671593
833146
761814
758739
969064
862288
248419
808459
856705
275481
987530
899433
781459
955606
59500
346380
525191
347937
786147
826603
733525
393321
446861
648867
778697
853302
833681
470680
597725
237301
364866
435694
744670
530546
409309
862434
419192
188532
912850
915964
936196
705871
859397
857337
650169
517116
680266
551098
965074
189160
623811
802560
982840
721645
891127
701487
711069
812132
626500
779446
20100
1016678
910801
20100
724090
583287
811045
950274
748030
613444
699089
827052
587805
851111
591580
171216
979463
433840
383683
794404
420300
263490
882260
747517
379906
884917
563414
188526
20100
431947
728346
916761
40000
648194
664926
40000
631858
924145
748134
468087
558195
97915
656681
878425
794131
870810
798482
785275
511530
797534
936590
997884
703913
946537
846796
284406
894880
891742
170608
788236
837289
505399
652212
735214
899607
828120
838296
864802
948324
713992
718806
704370
1067118
832680
917703
617388
259929
583225
521408
899392
558029
916514
717698
869248
715326
605701
754786
977810
840038
783886
858172
899556
339339
606465
307322
930798
858054
882790
513606
823848
966208
741275
280576
963263
704806
540912
733270
699483
481521
937774
998042
753220
962888
620121
755730
731119
701280
527389
987179
897964
965764
153249
880289
731201
701167
883294
964160
1031272
419590
858856
594795
875249
133554
789226
825875
1065235
766059
679516
609550
968213
568962
291972
728954
495017
709651
944680
780320
20100
602553
413418
929568
929216
653746
436456
324015
690175
551970
930674
221068
290908
525015
793413
133554
820575
201340
392524
479035
799135
525735
582442
814251
624591
759200
1008325
240158
994586
517870
1059510
524491
782596
546486
933770
518475
677164
567837
865125
754401
184872
151000
887716
552354
172399
698214
673794
692066
892275
1027997
721800
844971
734484
746192
1066035
685671
504660
917244
858511
984854
352016
572187
699132
830763
853105
787338
153864
20100
479155
546085
799310
722901
630013
537535
475519
649575
20100
265810
849150
973083
769608
938738
912066
318615
1015682
498090
474696
788252
745743
913656
332452
462997
306696
894390
660543
1031030
635137
632484
20100
682426
645033
839262
770519
587495
739876
1076318
998308
97909
928501
983306
629004
1006792
936002
808119
545875
700396
1071332
215904
861395
795360
506066
888284
947224
768244
1081428
611922
719938
598782
630870
612208
382165
78606
444642
1093475
266562
819492
396371
655476
760009
79004
389725
582924
740337
747112
871365
763300
843938
489574
611576
455732
585964
655779
20100
720784
503665
580638
975746
838597
703214
542595
652181
918402
527844
757020
960785
258490
569400
810133
1011344
912520
732486
615324
552669
297570
960939
860195
116821
589426
933087
809886
341820
831856
716635
1075627
883538
402950
171997
930918
359905
364090
478600
727136
319674
843426
761367
358453
873207
404575
201450
478963
225468
768870
501223
816737
889427
670261
741841
997517
630820
330570
906800
168204
672015
796557
1008247
752497
748812
905351
899584
1002360
484300
864473
290127
685939
225132
887981
561612
567372
596012
365836
686904
280576
681617
657760
499848
698712
151105
609507
469475
964305
820146
876972
572416
855159
1094245
910220
684520
530704
257283
499946
548944
20100
683299
641366
1054331
668347
906955
387026
638444
640210
20100
802577
848742
302170
20100
932299
624300
784501
550000
872591
925082
683716
654522
539059
778368
750739
263490
749286
783599
508416
624625
852619
341310
666352
840736
822823
700847
907899
844243
931306
845643
875329
503300
764303
806764
918062
942739
869518
450697
188400
20100
572320
534700
151000
186608
996057
471700
741460
168100
446805
722583
482150
540708
22179
962256
170608
897475
795021
972378
400996
940833
975895
555274
593062
906666
524372
69690
467353
873040
820746
809434
321100
841270
832056
894862
1124396
1064541
922899
863699
488050
405144
354480
715002
526315
635049
595650
878088
937585
700773
964547
565067
904220
747306
1016691
890094
450342
526608
648550
739903
1137497
831676
1026444
890333
283126
612154
321090
546165
538000
922950
624232
614694
425262
1056252
792698
40000
617601
816346
570601
266005
318133
550129
705487
911815
739479
850188
171408
1027443
20100
860870
352241
694304
961650
845150
997740
759110
549092
746353
766894
1033003
573934
558000
696933
832814
432714
20100
937032
367683
390276
258837
862261
936765
653606
820310
838250
578019
225061
955255
693883
392440
724921
331320
830766
847252
764361
20100
656688
885811
810627
115635
970199
974729
926625
536602
419512
913216
135740
838136
884097
752970
775766
774597
718849
853154
812436
811207
541548
967074
786774
500303
929811
457194
949541
712360
687075
917576
368316
613371
902318
135136
657485
40000
816561
266562
671569
310135
989855
897183
624575
581592
387954
882827
668920
960592
288286
406318
729916
1003044
744071
268540
644088
920130
872055
827818
821847
847935
892980
742411
518356
891885
797085
702022
669015
750459
965436
785867
764440
841906
1022807
565598
797892
734135
943210
825982
927600
206122
153460
682833
924369
1032565
621300
847640
79004
170809
256221
756364
207502
522469
779414
600372
567832
98510
470131
97909
940531
623305
849837
1024033
775738
217374
909645
843476
772886
914182
884243
904572
554736
776046
626571
758332
806769
983391
317380
586563
64980
869579
516329
720708
432340
834671
952006
580599
765396
1074306
512977
745936
670679
659172
542590
868478
677500
722833
798045
872952
98110
116428
765965
807196
654534
554525
789955
518383
289172
828285
1007265
904282
317817
561250
880140
417186
869904
853848
642909
78600
882100
970494
630300
536960
975051
880284
703640
647703
170632
405811
816052
582274
532153
870486
500988
678898
169549
518772
403369
538522
615984
601707
845335
736686
634810
263718
536188
955988
958716
629635
512607
318421
665286
549081
708480
332517
484900
260629
812244
777278
780683
379399
608625
582099
456386
799574
645060
491769
275476
954802
391969
745741
980186
304092
745226
560630
922962
877681
829720
1028276
734961
248029
207904
443095
896086
660499
680170
644247
97312
632996
586733
454289
338401
267748
524084
661825
912757
829641
944242
798859
898237
727594
893876
513186
736095
59500
535734
716767
390345
59500
588189
659940
206110
784631
830275
615222
903339
957978
393168
899116
152290
1079991
693916
900844
40000
871284
629676
381099
871478
97312
803341
877267
40000
878771
333010
995670
692211
167348
819892
992620
948823
714110
711356
988076
900913
696292
642724
1051274
822183
798930
771213
1105745
540895
818373
875156
853416
745495
485025
516457
833291
727098
874309
907182
505620
595333
847555
170608
843852
915131
878979
780520
795017
612910
767661
996737
78600
527016
419484
936036
947744
808322
404400
117222
863544
728914
97300
40000
20100
746234
799481
1022324
524968
844542
1005812
525142
186664
920701
669000
20100
318666
170632
744774
859234
248250
904641
1079781
608114
687713
106039
903528
781357
638950
417584
59500
865083
702746
640452
409096
758981
946394
1030869
115620
812038
727606
661836
848672
685886
914722
794212
498550
204600
849445
839413
1041379
753057
952170
656263
714271
991518
582054
864744
471447
965286
910633
686391
880735
613460
933711
169549
622624
1045314
940446
207128
97312
848315
843327
770017
912359
740455
806579
818831
900660
749586
793960
519348
793109
325374
518746
800240
151126
971236
981244
990370
59500
514495
464764
420925
592072
870225
785020
671151
864007
587185
411450
813733
799183
841535
32980
855106
146505
187831
660365
800191
877323
883296
420781
964549
969524
99564
549218
778017
240036
719256
755572
863952
133554
116821
482404
436264
790193
754291
592780
914793
855106
544076
924703
783742
805893
967313
573004
713917
763140
1073789
868057
677655
1046473
636079
632835
641617
954085
384718
134525
612879
841270
654779
510115
707943
913397
720079
786448
866025
429400
803658
784199
504916
545318
1019696
534195
923941
871795
827512
822726
217374
484899
135136
711580
587633
1059005
793011
385195
116823
708277
773498
732486
661367
945626
206110
387562
392480
835552
762327
20100
988320
913983
760338
613362
923421
756676
748500
820733
306142
97300
874580
766216
546010
636136
889057
783010
806098
515002
398104
824572
20100
606990
812786
845495
115635
703853
626701
116821
542650
468258
799505
446265
503774
626155
1065432
797634
793597
787822
665285
246826
808514
646795
907609
940811
325285
522073
349663
696117
794421
1018233
938180
293475
406956
492655
435900
804024
185097
1001314
685860
806836
849750
715849
59701
427675
403713
97909
637438
994154
504180
962406
724666
347476
363108
773073
1056557
242448
741807
689731
151126
827973
344251
240036
911941
749019
1030022
682921
844969
537315
240190
480944
709500
859803
737140
769010
849090
254176
97300
798252
507185
578341
327576
434285
376045
272821
800578
151000
614460
682051
620154
698145
168300
40000
865456
828099
1145313
977501
903618
777467
827239
786939
687586
944523
97312
502916
720095
661596
762803
483034
493336
645390
711527
969350
779108
217539
372042
250684
315820
323576
40000
916014
20100
858501
877447
607557
555034
470877
711413
353560
928065
572811
780530
1056607
988138
624750
877296
839722
666897
249700
654566
765481
254286
749338
628556
802815
887392
980361
393474
241835
840316
804580
851100
617529
574617
897486
407562
1010356
925328
793157
703126
907728
943252
621597
633913
457332
975418
957030
133584
581376
742189
698823
641248
1039737
321300
642704
1001175
521904
846630
802926
599686
467272
764671
239857
835525
417458
762615
861072
830076
745927
539470
908052
219520
534730
1098380
699174
789043
590954
778260
968221
447706
411462
151000
808172
40000
627240
849523
809250
325701
307933
877002
515336
1048077
321913
648553
263434
706276
242258
344019
627245
138820
1129646
599881
637240
814151
635141
1034048
168100
873292
355012
869060
59701
866580
846811
688216
357969
59500
186608
20100
502486
985709
537393
378328
667843
20100
239953
115600
780936
620877
996406
811569
206295
661794
451197
592500
996285
977016
1070975
489954
710199
840822
521244
488122
59500
484588
1038150
434604
312499
627260
269593
337266
574101
567058
939401
691841
798615
545349
217209
858964
815294
751984
793630
730495
294054
887084
753386
487483
763077
838805
78606
419626
784867
800374
872998
513131
258877
842160
594861
827955
772832
345997
628800
716154
227892
621066
981528
843306
306142
919620
662035
667828
784201
272544
764208
406676
909418
826429
787031
633901
497998
565374
664539
945958
448698
574930
848270
572820
930974
870452
892146
589795
982322
801546
345180
746040
731968
567552
682289
723598
781651
931258
257686
917134
719883
537826
896648
553976
1030200
691490
620218
816611
356743
217297
639186
206110
1024900
852471
763129
133572
799431
824898
206275
151105
515256
414988
262804
613208
746833
890944
832735
423570
901570
974737
238021
778404
217297
491950
701634
667848
772267
291603
622136
20100
672240
632758
996904
610911
78600
912919
967064
910919
575209
40000
919165
566186
751244
595524
908048
935538
565128
59500
571858
356534
464050
881893
841292
976819
20100
917108
902624
669102
683289
993150
565595
995444
237100
735118
634172
780290
903106
676955
722603
236950
675371
640359
814830
843871
20100
610159
201100
788244
750373
207145
844735
614120
403010
773118
628867
583600
474676
779943
324288
587281
222078
153276
413500
654715
59500
626650
134560
821043
613875
116823
674866
893041
724937
983182
675559
370450
505727
853299
694921
765676
746277
915696
863731
744690
516613
729608
757578
303600
499182
969535
767106
909000
772130
537750
505650
538914
551154
809904
742909
715674
388486
925962
509191
655126
817651
927337
913305
556426
827781
716833
819930
606966
830270
896929
956029
804437
544044
944173
820107
656784
739149
619104
754528
722925
833122
522678
176410
1102934
480010
772249
461558
727219
872489
515308
303856
441139
966369
224893
711811
1008479
853594
824055
551676
755980
881574
879213
188032
472450
933838
709978
615261
20100
794313
372849
982885
774726
993952
269348
467437
866044
1021712
313540
706693
932092
663271
747142
403150
818604
667600
847144
896221
600295
209668
591338
642685
479487
404985
950304
59701
422130
847180
961920
973382
694268
812671
1051021
40000
895885
834084
429642
651118
233112
848075
911418
709182
864252
751846
153474
863767
996781
346870
968383
834803
515099
839164
538335
772630
978460
623520
734454
940040
690564
843619
966440
97300
855254
727624
463743
115600
845490
780046
657595
956629
937598
426837
380215
666816
135342
587580
375846
662999
854550
59500
97300
795883
1087844
509760
898086
160344
825153
671104
748672
486799
783954
598720
863531
833912
565030
696024
987098
772824
319476
634615
753289
882596
819373
897219
499035
506664
835431
592360
670781
945832
1033921
1065696
457569
711884
951726
578031
760345
668118
762148
800641
964623
648542
489012
20100
1134100
471320
217000
710722
582130
248484
756940
522755
817555
816650
569386
962945
784098
827712
711248
169549
791636
870253
532965
742639
941625
723312
698333
471561
959028
627611
624087
905705
514461
780144
889496
1035862
664256
887867
799533
888845
1103991
693379
795034
761362
776617
986319
944010
808630
117222
656553
485218
536703
573185
904071
576064
743396
707979
539970
666064
994924
248536
746539
855209
808254
953285
800082
279627
151042
849322
687267
803589
20100
929127
859964
810988
1078403
443094
1048939
1066199
957872
168100
153057
908827
760194
698820
801000
931750
190920
958840
816175
664077
434026
681730
893395
685011
735570
989667
523030
40000
933416
524397
802200
98311
578927
813441
373996
713228
487383
876795
1136602
718122
565450
1126507
592075
871878
611434
1059565
780151
866520
689155
944644
782660
869843
576434
897046
1004228
636168
759858
824952
630910
205552
864222
730225
1091745
930019
554628
589050
710097
636370
906945
916568
958265
612240
960714
852165
834462
1089932
917064
495234
867326
616966
929269
692694
654174
834993
334659
464764
637704
680226
862647
779908
589404
376526
297640
970294
895560
755233
589060
170632
366563
385737
856488
40000
510150
401271
900264
977284
922113
935069
941714
630722
641101
20100
456402
721161
1003838
770524
890628
851352
796024
474423
223302
1006918
737014
540175
115645
651443
667855
549391
785682
848854
918153
559434
752953
696912
484031
460078
650532
993100
724908
599521
690370
544969
858280
798616
20100
315154
251224
415404
805326
620488
950601
1097919
888836
998762
503629
685367
572820
532138
735925
1035335
820392
636370
784243
830991
721156
947070
616200
769950
115600
1017928
584950
715228
721109
185070
503386
412581
784516
793202
464547
905415
969425
417738
804573
402714
507763
851067
697958
845511
852060
171196
557969
395935
610080
633708
831490
864247
665472
406931
897108
589486
197284
774610
807909
363442
870258
280828
556090
416476
911628
932512
260949
206198
425622
20100
265426
958387
689801
838455
184989
97300
785136
764669
494125
565590
801118
663690
872356
757029
756045
178104
1051446
761335
894110
757992
1005219
465606
622908
942720
151000
477637
994564
950305
20100
742078
779365
790077
567894
830664
798622
789357
975111
1008047
135747
684523
20100
524154
836742
1106935
393252
799351
795932
409292
821624
828849
902642
714100
820098
980117
856290
301593
546291
811363
887096
821826
630658
661374
603643
654224
842497
864196
396532
871594
799593
625431
358702
917786
304477
761146
624004
841807
232632
250816
641040
673627
565500
714618
992008
824622
1029708
860566
920325
902632
993208
453119
914514
803687
660402
646534
809282
20100
134570
415794
737036
713991
739442
493787
1117581
621450
953251
795080
774079
854631
926782
436264
221041
951560
523377
914431
633956
809761
481314
934533
878569
458457
698148
900516
875521
263434
806998
585110
381010
694256
601144
967802
929417
840685
190348
852813
546069
429490
364767
516168
171190
798280
319350
797231
983325
790889
889436
388701
878112
188965
691347
570728
1059336
370420
151077
994762
116821
640597
691887
699171
735205
614460
674401
863233
470147
914468
945345
946035
959518
745686
650882
821282
217539
893227
647112
369186
642335
766731
1023805
40000
685404
950288
889442
597037
661834
605146
546160
514087
941553
608104
772859
764579
690328
295990
979436
645826
699110
660154
569722
864267
732565
905938
513915
663858
922947
284880
293610
1027072
653839
444979
1099708
806294
604920
1046844
401811
939626
393478
701108
427033
889939
905154
707240
757377
217572
912141
809844
438350
915302
723547
711928
404580
201270
880375
1041208
889501
20100
1008519
836450
661092
478330
736681
584128
78600
800086
631846
842476
729565
820592
709050
579305
640364
241873
256576
910726
20100
859395
953292
947332
706470
875840
438493
503904
1007931
622524
569508
534180
770240
922710
490660
1000298
326893
831307
561405
989896
846447
97312
884084
614626
337503
620778
580786
578700
986922
540032
20100
984860
796126
951303
610964
332650
801362
976794
823803
171412
853089
609370
506424
675482
322166
1080015
241369
826570
425370
557002
684235
769012
719715
967945
773247
612547
785400
335702
970905
968426
405916
97300
540983
834011
898574
666346
1001830
788502
260242
807550
575034
630274
817113
779626
1014805
600612
815449
731244
153864
289868
993272
637326
551598
491362
620227
860391
753694
97300
750100
353001
892927
877809
1018851
235261
997341
299008
844287
97300
727099
701214
59701
839439
196112
962987
660317
806279
534760
648771
801877
783041
525935
851777
564600
817599
484326
526683
40000
232752
1027218
20100
885852
1124129
380963
391449
485785
291844
673885
732121
203170
668490
272793
981458
892210
951641
455192
412800
725372
382717
715798
873576
206146
621199
1026732
889076
378234
637710
740640
361474
709578
405362
509532
965370
324050
635685
493894
429562
1051633
384487
794398
929497
1017028
129662
698083
698760
1007295
379712
398232
880432
758994
920529
997786
20100
819578
738695
884797
956339
785473
345340
557864
606195
841318
648293
946453
20100
778571
851020
78606
1072309
636880
923037
1024939
545825
777766
839447
658737
539142
911163
959769
941943
310620
1005833
826247
286390
797965
1076564
619395
1015647
151000
961302
1046315
935222
637701
1051642
521434
762712
615825
887673
831313
532471
804139
460659
973583
696048
332650
704744
928598
880425
789400
490615
866395
491354
628980
1019227
1041577
948484
997447
419695
683038
610650
735545
540833
849325
463456
772316
852573
168100
698918
621381
723571
427266
738974
520168
980081
391942
989114
649495
915499
428545
644337
700272
538250
205468
841854
1001260
686846
817327
668025
699808
643480
456493
412739
876157
612484
767796
78600
318286
446139
689190
878325
954494
703226
551290
796312
115600
795126
989712
970999
20100
20100
593596
897163
749999
683947
784717
771183
427746
797852
798058
808324
20100
939829
929379
224160
972985
827107
903869
950914
594249
767168
482230
651132
1048210
714709
615823
689982
590706
782499
333868
586410
389770
865268
969194
609375
439050
924439
97300
904843
457950
776817
791395
877514
436516
544314
480510
569202
990447
316696
97915
820408
992788
677736
589348
1027805
474171
843388
822667
381351
792907
674038
770115
863802
637624
1030933
698253
719291
597976
885556
992649
142990
929119
630622
791142
723850
875388
512503
844254
278184
565225
377220
649511
51420
404575
810305
756835
747707
750217
866248
757767
327861
841899
1026343
865410
1055651
482260
620206
876427
820954
570074
926500
560324
615100
611452
135342
983342
20100
953931
699268
374740
579300
651261
894478
570390
996699
912804
480310
468197
252993
624330
885591
1075188
735822
578701
938258
741910
787366
879819
590410
1012206
619940
871824
686802
489574
275771
284808
1027184
441772
1041964
630265
980604
782677
799638
990964
854137
868056
905692
512605
637165
395286
254634
638914
1004822
358095
652720
434619
288646
836110
449997
825155
116436
287500
361300
832318
931779
870371
781138
854879
664927
534790
634890
435400
873905
939558
873315
813430
932109
823651
773829
332194
389872
788930
901776
803334
757590
589086
554585
382074
593935
809293
592442
624095
828935
787950
885623
1090471
665290
964488
1027657
845275
739343
676623
810351
477136
632949
855899
682444
998591
1019408
702443
352417
350587
699132
588918
908736
811708
1014720
263364
686127
238197
745353
97300
1079360
720865
492807
834422
423346
388954
881055
828490
911657
741199
837769
872123
708016
491034
873451
793030
948775
637108
866686
802403
879561
437891
500418
924220
778933
1019049
437459
544873
841927
498445
999258
815330
667037
819975
754034
884680
311815
812536
873070
432598
469272
520666
283974
492615
1053481
439704
229980
955128
40000
885516
999151
897594
878485
647950
803812
785028
543297
365770
758470
876081
512290
217209
415561
902077
968655
609897
764794
631269
690563
752092
384137
1058268
809235
408520
656945
301276
721426
427117
742394
687505
765374
774180
458785
723870
998874
762584
1048956
59701
622413
79004
916363
685506
302095
527880
922836
869846
533100
888204
725288
922624
904644
349225
600126
883316
770961
1021209
677466
976806
978796
450754
97312
629932
804004
629569
743894
697829
844846
514518
741975
694936
595545
1045190
672596
717090
967863
59500
1023634
895166
586844
826513
766201
735745
362898
802780
849990
615919
813209
838591
1120430
578232
307626
607121
710602
725644
603790
745718
458524
703633
502100
512977
765920
691942
881726
682990
937594
793939
839587
802292
917981
694374
680569
1053424
439662
40000
793109
885201
503330
408709
410025
258235
919260
625192
698269
40000
711697
921331
716246
607804
374835
694937
305791
668965
608815
434908
817661
871072
593317
603108
573876
248250
606840
799172
561661
794981
634238
925374
411805
762656
802168
370252
78606
602220
552882
255976
910488
748100
791278
677436
771547
720656
604472
187705
434483
286368
597700
241654
287915
409192
1065036
795592
323548
723726
782602
152308
767572
635934
223339
581470
758490
821622
605815
442198
920163
689206
916545
674770
812946
297390
939985
78606
134570
739664
473196
627818
872968
834957
360091
744272
691566
924110
982939
1016919
838419
813165
550270
543535
390187
567589
851940
503037
318996
120910
822789
664834
487374
575550
507401
398034
393240
519205
826167
398450
689957
463915
801223
750685
952620
201520
814611
857689
799140
755847
599970
548152
871131
672299
716317
631789
391711
332517
901446
670341
498511
680105
604114
194304
797540
708864
357969
444754
620062
849953
833126
869650
405720
20100
524800
586737
609017
865237
282208
529279
498640
725490
639356
653321
98311
696103
185034
1049832
851212
528501
872700
870478
770848
913335
525735
853032
570832
972172
506654
743774
761549
927902
945300
637840
502272
705909
930424
647194
897766
825626
958002
374366
552526
716474
539307
619784
619423
751646
377826
20100
314414
722981
870115
512290
707481
799851
864472
330048
863976
277460
1065698
809280
648758
884722
771331
768954
1014537
1063988
854407
654476
688785
816477
908897
307558
527295
665185
521660
863276
454660
257486
950547
534180
529056
768528
591802
649578
593950
185034
835881
951981
860245
677888
250504
151000
135136
914970
542596
788307
710539
591193
666190
540789
1027768
924931
567085
505949
553515
349594
633649
771170
78606
961106
476946
801303
496212
97909
324869
867768
722744
818480
882103
288115
763962
894567
397747
1108924
859759
304132
896897
117022
780419
873481
425759
187983
1111700
856679
686711
829761
850045
78600
783223
78600
692904
135434
583609
201490
653588
476514
945582
743108
613051
594972
20100
435931
487492
779024
695131
1061293
393526
851134
846304
683296
791737
979771
333961
786294
833304
161557
440621
814507
303118
695468
861152
797836
966204
1053850
720888
954433
879011
706194
828388
919534
740548
439092
892811
856140
728494
776237
289046
355740
402300
603706
812512
40000
392676
481132
603756
693757
629263
193453
912674
756885
724324
984676
944910
991646
899545
668703
690960
653359
776498
474630
898522
445429
644767
116428
715724
959430
222922
665413
568714
938924
1015441
217297
1028539
464299
78600
677175
20100
905862
894985
248250
235284
706036
709343
776695
968599
894576
939122
576093
1009549
78600
781654
590736
920034
816242
61284
598190
907405
933898
934246
232956
890451
984569
913552
975738
188930
931472
459089
1018433
380248
932890
975322
877539
564805
807968
438396
269670
838666
965039
701415
587898
136093
864546
1022273
492355
776350
635997
419725
931930
582480
784929
826652
924212
869422
964570
736408
952833
772722
810483
630012
1000885
725496
170809
188604
748064
645631
698884
837534
707334
946253
683584
740263
407256
965653
698590
291585
700660
302424
1024502
927147
987800
1059413
726851
983831
931523
692197
277236
442655
982176
648000
769875
961586
631080
1008680
521218
540500
720340
835990
549195
322213
1025167
581857
653502
445370
670222
1066141
890362
811841
951071
964600
417658
760415
381936
800380
445392
777014
501900
875249
661862
616594
571942
644574
894904
615359
635047
812196
954796
847640
347532
834985
839433
393564
666056
940977
430262
667525
305245
1084053
804885
1067814
625023
1031261
716746
423342
668764
973712
760060
20100
688685
960977
280478
840128
696876
700030
946506
791974
820584
20100
830437
641702
481539
797115
592051
250536
738911
503923
945943
679248
442435
509470
911537
761421
652488
1027143
853469
936402
185799
783484
898030
918542
837932
272791
602800
451530
949724
791852
588466
722550
790908
428744
785460
741114
861720
616075
762206
677796
805165
855012
347494
473993
516549
595245
933046
628930
396251
741223
899689
1011564
306057
1011194
924858
874467
715152
171997
945287
1012969
519315
560511
771724
850389
642111
334708
728605
967852
397406
133500
116416
625548
612804
759491
233220
767781
747049
152236
610732
578125
991714
786820
362652
681672
481680
834107
617784
676861
885805
736504
443384
528114
400876
794816
584086
340888
909121
622690
567549
256062
846881
840947
928957
781744
780652
151077
781104
1071311
97300
792495
678841
97909
782145
658154
795058
233256
816088
938984
988618
40000
364080
362821
777244
834828
567676
646090
731477
393684
870397
519060
886740
528553
813764
831593
902535
615100
622630
638534
427532
778044
59701
904280
693297
233040
922019
20100
565927
772105
883085
981353
913870
219490
894082
656906
207091
601060
870196
893607
20100
627125
1063212
604596
445950
1006041
702412
735540
483509
20100
277244
792489
557978
921928
993231
458550
743553
1003359
696072
914649
219270
748597
528309
993732
983741
820900
525894
333180
829494
403084
587181
746767
909217
556170
918373
767131
793506
842600
740677
751508
524260
187810
544890
730031
483553
650089
757897
656553
866887
818797
258838
561694
609810
501631
835402
378460
566310
967993
115600
675617
685456
501895
812647
586351
193123
924429
812956
998193
369963
858666
490528
724399
646201
406490
624409
315667
496465
690271
1037773
779398
651502
811083
603606
744748
1085191
939327
928936
745806
984967
682327
924382
769950
1019924
892456
766386
557748
699383
713660
743782
769804
1027056
292084
986593
932901
750181
924913
914818
711579
201400
845558
1116576
769007
638545
871422
874997
956706
797340
460026
907370
667044
645220
67745
135349
97909
461974
756473
574060
893680
242281
650314
299782
431260
20100
840452
277860
892839
151042
892648
951477
886939
815520
20100
206275
305955
20100
856816
614890
859411
832996
824696
786475
835181
116821
723624
169591
772516
577824
622904
855559
883863
751904
924025
398064
981462
856173
669649
498748
704338
788867
957318
254724
521382
272667
362121
416410
153466
917530
205872
700806
380757
666708
168100
78600
20100
953264
329260
642072
263490
629737
277950
751680
570406
388675
641820
1022662
732085
962509
568402
868458
20100
998844
879806
727193
617754
930786
579351
531970
722917
205551
975889
534485
822856
468955
580920
652885
1028880
613875
185799
959670
868017
971619
600735
850812
1017769
654250
829528
644854
745998
757060
820210
543868
808669
746979
851128
921771
969292
840464
495154
327726
638925
670239
151126
370120
819176
657380
976528
513738
967972
658884
852928
322879
732062
886574
755770
262804
625400
504057
20100
296094
857782
612715
727330
648101
566337
202981
856150
795818
507736
751979
620865
582404
710251
637065
713444
152236
152290
793296
168244
739367
734575
699995
593415
600922
698899
605143
793212
205468
819701
611902
1040197
868131
586173
987030
222120
986454
188965
1002266
820915
612516
798075
576310
841638
949142
278850
977409
20100
759270
404949
685875
954516
616762
707525
987930
207319
966839
820880
468695
860244
805225
679139
493517
784318
473928
717642
897459
696773
875633
201450
999523
938904
490700
263434
589360
738952
796476
906628
630060
862209
236115
369592
590340
658079
606437
900813
709828
800469
755592
674260
578752
942938
811953
133584
405914
184935
621711
762331
720198
875486
185034
460142
470785
707198
648021
923686
981889
852312
796486
761011
871184
735484
846265
950350
812443
516202
133554
636330
897497
332650
560011
1012932
713541
1020689
1046526
690738
825166
773585
813708
324045
994213
20100
913500
689192
896352
611730
59500
966634
273640
347350
655996
802685
619804
1005580
655111
772975
133554
825424
622781
622792
733861
822874
913244
635627
974010
661951
788107
864950
469824
927014
626911
927643
958186
397360
833622
453474
620931
1019218
562890
1004568
929437
874927
658933
585534
967930
1073817
589857
882553
777700
820856
587044
979522
971758
883902
78606
547070
647077
669376
710773
991225
899353
847706
645310
670058
322744
133500
787106
223753
845868
59701
1089700
539746
504694
266920
647358
458988
720040
726103
652978
526932
171428
162450
1078613
115600
883533
470379
813635
923667
790921
997302
207175
709045
59701
584290
299991
252748
79204
1003609
810655
783307
741207
320167
1003999
794642
201100
897853
994767
777926
767540
309790
760854
531444
305836
168100
765018
621039
833458
364851
270930
780104
613390
1098515
858691
550556
795678
969809
239328
829273
917770
71604
940069
932467
707041
597172
807106
566452
821485
938646
847594
756179
664275
601321
450760
728178
20100
382743
342204
879905
732597
547590
488298
318552
652735
20100
773487
743484
956649
612804
835010
803656
982475
953861
926841
526206
808459
679393
607350
981685
494508
724702
813057
557472
927610
997246
946588
957513
823965
695148
504420
775638
650482
704759
396322
59500
864591
1019510
997001
701067
412665
704142
918529
648450
832704
909811
20100
763202
415215
953288
492340
775556
524380
836907
873757
1062544
413676
821247
923265
473133
893109
687540
404575
946744
661786
934446
740602
934311
612310
895012
348778
641728
590026
518850
331176
1011658
434136
826762
440996
651189
759060
493800
687367
751995
20100
870948
731628
671183
347400
40000
259265
615802
590030
527991
1016844
223279
921418
814615
852181
842439
893892
640568
133554
831984
207516
414313
800290
842607
572089
982084
609552
1011661
761055
283126
693152
984937
876417
595278
888555
995820
483837
890366
20100
154264
632942
656788
454072
578942
383674
624223
976258
535935
625165
1066895
816445
233172
821036
885577
756545
330445
718924
571202
1007004
667855
949585
976508
641687
870976
668684
774381
233220
838264
286390
896526
887973
509070
357424
97300
414319
835350
556441
687307
917103
716176
388950
537366
785694
623803
898817
802297
913157
905937
619645
937947
802837
981972
586680
843265
923977
835080
925700
719259
335111
491006
866662
790770
573343
954854
562034
115620
280380
501958
620301
704997
947109
370120
1014140
579190
966864
974439
720574
579442
204580
869223
920082
529376
307392
916108
20100
963342
280660
584451
796405
526315
722479
906198
812101
1008147
638196
427761
890725
725633
739795
876979
529380
551691
666387
837746
1092454
396322
906574
624424
752201
464547
475341
937055
690764
349320
992076
579790
436114
606210
530082
1018264
816785
747001
880005
970936
308898
977265
947748
761415
1041790
798138
899968
436921
369592
813900
810858
960407
1061846
529559
840153
540144
534700
467171
737300
85080
177875
333114
909523
468135
808973
394737
1026122
206110
976907
280996
912615
1024564
908606
771355
759512
923341
789556
624531
393420
649744
966251
928056
552304
481638
966261
588838
638202
20100
358555
793489
20100
949112
834532
644640
987780
925030
1044599
245454
422092
574435
248484
746385
774707
686693
566670
475630
894988
826145
553826
238872
561169
502678
711766
865872
840225
1054202
418270
1005609
133500
826500
921323
268304
682484
868052
690366
1028562
688736
1048164
623970
744874
776204
1057133
619150
555946
814638
666025
571750
641424
712278
1057405
835480
352281
1045872
704898
20100
866267
834233
1050913
626272
937940
484917
407415
840959
153256
846595
903767
972750
933660
744641
962900
415162
729946
614190
801166
776218
1000152
658225
814750
813400
563902
558829
792297
909204
848824
778547
293510
254376
646954
20100
991770
207892
393252
827513
859540
861734
857298
20100
928792
475971
342684
865490
624604
852811
20100
557272
206345
667440
635444
928078
1022092
787209
958837
953404
411970
707379
920264
383683
820058
250684
847224
776417
856196
931377
40000
607981
482268
760908
376274
97300
896286
810438
501824
698917
983892
776626
690700
650558
597207
605250
619068
416796
346089
753796
952311
842597
960006
839602
866865
185034
559226
907259
422730
720276
959707
115600
239204
712076
990580
1016136
662259
222192
576659
828646
583988
97915
532887
773363
903022
677645
816221
168244
871481
766630
741166
735192
629354
426040
961903
653269
924476
701220
624585
613315
840081
847969
304815
929399
540804
898565
826540
767955
536916
895132
733272
546672
580734
190492
1060621
186475
966770
361480
677939
557719
471845
964608
877205
840153
331231
153460
856335
807190
776242
964758
664497
371850
895947
902662
752721
618109
692255
775995
612028
526275
512592
400536
904235
1032275
258507
462621
882999
171997
376906
971952
615373
777404
879613
238404
498604
488723
873880
797230
592720
846601
881291
696757
1003134
767152
1031393
944382
800205
748412
606048
742620
223552
851615
334584
1063097
821586
449835
151000
151105
862114
503485
818226
866531
766583
204580
649542
873656
709674
925020
667897
59701
974699
723139
322298
987910
954070
415316
694715
703233
720733
641790
955137
868282
703016
794365
715276
271060
336100
482933
950498
882728
900668
818988
806053
1005897
518451
755245
935971
553210
639810
325819
961631
702383
601721
274031
490899
893476
772644
483310
203170
332764
254286
669445
206172
759999
668492
770418
498604
457147
151000
735715
834038
973626
556450
367412
725931
767891
930900
769624
847303
170578
769200
355179
455761
969639
719728
537454
1013735
522015
1016888
797810
635476
482849
513984
602677
657465
991756
853437
948690
459358
995494
850774
666756
1022491
970015
620148
766120
940688
1062590
724494
561425
757605
606611
783179
151000
892497
864775
877690
848046
396250
865322
578740
947367
848668
531960
445257
892473
696739
669711
687872
724794
915435
557820
116821
990783
1008152
991607
823742
906975
777521
115600
767049
511450
666639
251331
729715
777597
306707
966926
558211
763128
514801
462752
466906
888012
676597
269676
651017
237062
998504
711615
859056
479498
398446
20100
704396
512040
772596
477693
722201
376561
1020802
895408
768477
1017110
937102
736148
1071540
718950
893545
852958
655285
275140
955281
874036
700996
971059
307669
869250
517779
563088
793266
586181
721240
116827
606310
848841
460451
739438
677494
534180
513227
638382
821233
1091274
681478
97300
688959
617530
719721
781661
716950
20100
718935
172210
428706
793226
654802
956968
670938
942085
853848
835652
907200
618983
675091
171190
720828
652705
860545
994502
840024
313912
97915
544586
960805
749397
722048
694425
672481
687346
961811
812949
814246
369372
832228
328849
653572
1010854
526426
525200
826604
277062
730947
756930
515069
904506
1016104
612440
569594
792157
239216
939986
525820
916644
915005
701508
725574
712755
860447
883118
407398
836750
859172
721516
637149
813534
725958
1026678
542482
780831
911103
455520
875791
660269
817852
976458
697819
940840
917335
754997
837990
556312
930885
59701
1018358
20100
744314
517956
189941
693039
263364
774045
776127
59500
834379
981523
770133
770059
987850
460797
611006
825600
744694
566724
888557
362739
838085
795300
340543
558264
787981
910990
525121
1058430
775915
630398
658446
682692
397604
806158
233220
20100
271975
692200
1021904
540117
306625
601120
804420
869888
979845
619129
878548
865339
752962
562140
712109
994156
533027
450984
699568
929214
445530
424999
682392
593392
40000
337108
603870
1035941
378021
869380
840285
825080
858184
607599
922947
598062
675746
593548
942280
803100
691338
1024287
591790
588134
685296
648845
855054
845076
895072
1020185
911110
191877
716894
97320
169591
480846
223317
695943
605146
919094
603750
827724
995227
787368
207915
650709
741697
489583
151042
823760
928914
771649
299398
749290
291026
453340
435542
828963
892842
884061
303550
188955
840787
636903
854178
460566
20100
882096
813045
714303
414151
950439
323832
859310
991543
533887
648021
806025
984222
292915
661525
587878
924828
676174
1050492
670831
723180
985340
963640
805445
1062771
1130756
819868
679813
317302
640777
1026418
852083
133554
682080
717967
726270
895757
121975
964777
735444
844546
503385
801810
554716
583525
338555
830415
868608
1013802
40000
272791
59500
713292
1061277
941483
585151
865548
235195
134525
895459
884790
241120
522745
821666
240078
116436
1030834
585641
698455
838047
740316
20100
925919
283002
974548
593136
612262
134525
484405
387299
749860
906700
444170
891838
287425
971673
695608
757825
230604
732252
492096
734332
776862
756514
397207
849935
1005708
896475
1034990
666108
772175
133554
543400
732588
629440
474417
523678
539775
581041
153256
825905
843400
893835
615222
98510
1052009
727266
979446
877974
870097
826687
404400
933661
813514
912647
730530
946004
813935
870544
1048445
930119
523651
575484
710594
548140
170578
855204
924826
892358
874617
388600
431797
562280
654395
864022
857342
595376
566020
814060
758560
944640
799430
672251
730265
840019
192379
945255
897681
537843
634525
939962
1041388
349552
679677
832410
699188
771516
1006889
496660
936123
454456
814523
553354
307525
740578
940863
475242
752703
835210
1036991
755220
690961
340432
1026436
571455
708958
348477
707275
878305
444714
883536
859858
768097
473332
627335
712072
754500
888435
1107659
494379
117624
688095
858552
835140
659792
740190
396971
929728
115600
780382
811414
871404
888708
740241
881228
892385
868065
942988
892327
986372
857706
625791
866806
659433
363797
675652
592585
20100
566804
897454
951573
953625
829995
890774
403975
593941
828054
1006414
933572
473350
247600
726223
240295
426020
547862
920769
997716
654681
666982
531933
223800
614703
855464
666621
904483
263182
859762
792075
441470
522918
486688
185034
896752
485279
626716
567674
491709
614107
397227
638422
1030296
682881
570892
628980
640491
289190
762727
363636
805293
1033123
1069431
785001
747384
870466
877759
59701
358095
502807
810157
702848
718510
847395
231934
483003
59701
949938
168204
847989
761222
721417
376454
973002
851617
798729
955700
888936
626711
20100
1058880
551694
668000
739554
718604
640183
599800
259837
98311
351615
900410
20100
735996
777177
567521
570126
956514
738836
657854
622261
934334
630020
895188
1055590
765367
914160
953745
609750
934437
135746
78600
827683
527880
599594
924684
614910
708055
549211
448410
1032179
428545
292324
980134
526186
602724
470380
589189
427046
997510
947144
615382
719788
906253
389272
982570
59500
905538
575471
900156
825712
587010
895404
776713
1142319
901006
833070
169000
1000834
581886
793482
1057590
526891
805296
830859
549154
824111
680476
746567
758460
700464
581898
528138
967471
531982
352486
575047
820482
611040
647682
625488
912553
874374
950460
699402
425982
618106
697729
1036406
922724
1051253
937265
1110747
841148
508105
630915
817776
762914
190335
776622
631380
428949
613447
798108
527880
745408
790039
395935
277860
834127
543340
935875
659031
717914
619150
790269
59502
936781
821889
646080
720012
654838
776110
770239
165198
819213
780067
952015
952038
133590
990523
753324
1037260
814374
768042
1050203
873696
541779
900731
657360
524946
700905
890065
1012182
752128
20100
899610
599557
201490
725859
813701
127354
639144
641725
823830
799804
703462
891688
580186
776264
628719
776501
614053
732625
355077
586309
697582
631918
839730
1062380
547514
817468
417100
20100
952651
723148
1005060
787071
921741
185034
707002
97909
292324
472605
537744
731714
879409
903922
544723
662455
830317
817840
20100
907200
185097
741796
577279
918393
358284
611805
599649
729514
919254
761184
806707
756102
420375
384880
662272
591222
902615
1029652
1026800
964882
794729
546115
678141
839167
787285
268012
1079905
564174
153079
905904
883580
874875
785618
393582
785586
756509
584550
970186
748192
695145
646099
870753
607977
559683
763189
948809
938618
946674
696510
861200
255424
153466
426207
683857
675282
812724
795922
59500
658389
648799
851085
931456
20100
1093377
537178
753266
458371
891258
947437
387508
621354
610816
423852
935874
432265
1081850
20100
941301
766810
882044
335961
715792
597376
643485
844058
768987
932468
907158
404403
874157
491335
254106
818034
595521
364852
946380
808721
232632
1029612
559036
994773
977840
864985
319105
991458
891155
770511
658764
886776
931474
725781
675466
440198
584100
489352
286856
59500
97300
384006
133554
532704
931272
738825
275650
871452
98311
954899
399838
478630
866359
20100
599837
760354
996275
473013
893267
690462
598318
375610
1006044
932039
907617
810374
266044
640636
764923
828371
772776
813167
694797
329777
98110
640918
445060
633034
455138
928111
1056906
712859
667371
1014492
576287
170634
421300
582660
1010281
916325
616961
581585
769158
652494
133530
230041
547669
1081634
20100
277103
651120
871493
553006
393451
168156
315522
835811
572513
688149
490749
243444
624030
182088
923635
1004824
778566
884826
116416
992978
796828
858724
840474
168156
719248
20100
822429
794269
841218
1050769
233112
170610
571349
615495
762104
752409
730350
818209
899320
655088
644236
814956
869986
1015261
706432
871319
537934
303471
776037
399334
800745
604196
506402
465115
377400
970167
486828
490150
190742
983275
912349
272776
903546
766183
96700
665640
642704
412602
273775
994411
1020541
898761
988728
319584
728434
628910
720670
734259
650188
960505
667788
709829
40000
196978
800385
256189
