100
43723491652890128
362111075655590647
481324379064726035
440938167194362289
87298230448037048
240287304920658474
27804700218816262
297738659417829768
353008895610571695
256251741908131360
149260815610408495
144060782844999013
607347639128752491
968715305295415211
842996527354962426
269700662798427971
833214161350931254
681495547522576399
106080441140939865
651468525721865310
857635872432368538
409887543620549320
49557166584424237
370704519583723693
924595374187252712
830323221929077543
426542233976402608
785320716686212209
834630032662026534
263544713020049435
84148570500679306
459547884820656604
752303682244613709
97401469347997686
985923983749358461
654706579878025121
187323817448618454
546872656371335352
548580181785532882
38102360314479048
787728612348796881
749553979603637395
87570114934723758
327391277520334300
624306869062700167
817137837510392190
54007974586868482
28842148202430668
782757292742999520
363889998284981011
833235120994493169
280441618985151406
135806276433561113
397933756123874321
368833398467722641
63368673534036533
24942886056607032
927721508096298087
733340826550808005
268824085597369683
637591257923200542
983824267147427841
329940897984688488
59309581589822780
727446829124159244
501845019651981756
619490752162900440
174987044946883227
975483183633572573
347556369661305628
830213588371828661
54600553854025656
479789311146528294
316233628381723454
956479361726432889
901060157915315676
22982165146920049
36744783345925887
295602592372776236
856281542632479608
178923579289368189
721071387550327898
945370071648830086
646533734909754216
917994415311355073
750035176733676412
117218881359649485
154615060424595709
724720511810807427
481658657414031696
314956006466203382
234801646954010694
981773426190810360
305615085515582919
770045015860376130
334369843345163482
345373110995373773
396131187709103771
457865037587195108
816591279453988584
