1 998071
1 998071
1 2 3 4 5 15 16 19 102 499035 998070 998071
1 2 5 102 998069 998070
1 2 3 999996587
1
1
1 2 3 4 5 6 7 8 9 10 11 12 13 14 15 16 17 18 19 20 21 24 25 26 27 32 33 34 35 38 39 44 48 49 50 51 54 55 56 63 64 65 75 76 77 80 84 90 95 98 99 104 119 125 132 135 143 152 153 170 175 189 195 208 209 220 224 255 272 285 323 324 350 351 374 384 399 440 441 455 475 494 512 539 560 594 714 728 832 935 1000 1215 1224 1274 1539 1700 1728 2079 2375 2430 2431 2925 3135 4095 4199 5984 10240 12375 104975 165375
1 2 5 9
1 7
1
1 2 3
1
1 4
